HUJ 270 0 0 0 0 0 38.9 0
HKPS 035 0 0 0 0 0 7.2 0
HKOC 040 0 0 0 0 0 8.3 0
ZHS 065 0 0 0 0 0 11.8 0
XNH 100 0 0 0 0 0 17.1 0
SCD 115 0 0 0 0 0 19.4 0
HUZ 140 0 0 0 0 0 22.7 0
HUD 170 0 0 0 0 0 26.8 0
ZHQ 180 0 0 0 0 0 27.9 0
HYJ 195 0 0 0 0 0 30.1 0
XFJ 200 0 0 0 0 0 29.8 0
YGJ 200 0 0 0 0 0 30.0 0
XIG 205 0 0 0 0 0 31.1 0
ZIJ 225 0 0 0 0 0 32.9 0
YND 230 0 0 0 0 0 33.5 0
HUJ 270 0 0 0 0 0 38.9 0
HKPS 035 2 2 2 2 2 7.2 0
HKOC 040 1 1 1 1 0 8.3 0
ZHS 065 1 1 1 1 1 11.8 0
XNH 100 1 1 1 1 1 17.1 0
SCD 115 2 2 2 2 2 19.4 0
HUZ 140 1 1 1 1 1 22.7 0
HUD 170 1 1 1 1 1 26.8 0
ZHQ 180 0 0 1 1 1 27.9 0
HYJ 195 0 0 1 1 1 30.1 0
XFJ 200 0 0 2 2 2 29.8 0
YGJ 200 0 0 1 0 1 30.0 0
XIG 205 0 0 2 2 2 31.1 0
ZIJ 225 0 0 1 1 1 32.9 0
YND 230 0 0 1 1 1 33.5 0
HUJ 270 0 0 3 3 3 38.9 0
