       0.0       0.0       0.0       0.0       0.0       0.0       0.0       0.0       0.0       0.0       0.0       0.0
       0.0       0.0       0.0       0.0       0.0       0.0       0.0       0.0       0.0       0.0       0.0       0.0
       0.0       0.0       0.0       0.0       0.0       0.0       0.0       0.0       0.0       0.0       0.0       0.0
       0.0       0.0       0.0       0.0       0.0       0.0       0.0       0.0       0.0       0.0       0.0       0.0
       0.0       0.0       0.0       0.0       0.0       0.0       0.0       0.0       0.0       0.0       0.0       0.0
       0.0       0.0       0.0       0.0       0.0       0.0       0.0       0.0       0.0       0.0       0.0       0.0
       0.0       0.0       0.0       0.0       0.0       0.0       0.0       0.0       0.0       0.0       0.0       0.0
       0.0       0.0       0.0       0.0       0.0       0.0       0.0       0.0       0.0       0.0       0.0       0.0
       0.0       0.0       0.0       0.0       0.0       0.0       0.0       0.0       0.0       0.0       0.0       0.0
       0.0       0.0       0.0       0.0       0.0       0.0       0.0       0.0       0.0       0.0       0.0       0.0
       0.0       0.0       0.0       0.0       0.0       0.0       0.0       0.0       0.0       0.0       0.0       0.0
       0.0       0.0       0.0       0.0       0.0       0.0       0.0       0.0       0.0       0.0       0.0       0.0
       0.0       0.0       0.0       0.0       0.0       0.0       0.0       0.0       0.0       0.0       0.0       0.0
       0.0       0.0       0.0       0.0       0.0       0.0       0.0       0.0       0.0       0.0       0.0       0.0
       0.0       0.0       0.0       0.0       0.0       0.0       0.0       0.0       0.0       0.0       0.0       0.0
       0.0       0.0       0.0       0.0       0.0       0.0       0.0       0.0       0.0       0.0       0.0       0.0
       0.0       0.0       0.0       0.0       0.0       0.0       0.0       0.0       0.0       0.0       0.0       0.0
       0.0       0.0       0.0       0.0       0.0       0.0       1.2       0.2       0.2       0.1       0.0       0.0
       0.0       0.0       0.0       0.0       0.0       0.0       1.7       0.2       0.6       0.3       0.0       0.0
       0.0     591.3     484.8     196.2     150.5       3.7      42.5      24.8       0.0       0.0       0.0       0.0
       0.0    5020.7    1049.6     172.9      96.6      11.3      46.9       7.8       0.0       0.0       0.0       0.0
       0.0       0.0      23.1     118.9      59.3     190.2      61.8       0.0       0.0       0.0       0.0       0.0
       0.0       0.1     320.2     129.0      45.8      95.4      53.7       0.0       0.0       0.0       0.0       0.0
       0.0      37.0      10.9      13.9      61.1      27.4     427.4     175.7       0.1       0.0       0.0       0.0
       0.0       0.8       6.3      45.9     109.4     178.1     223.0     187.7      12.3       0.0       0.0       0.0
       0.0       0.0       2.9      53.4      53.6      36.3      34.3      30.1       0.0       0.0       0.0       0.0
       0.0       0.0       0.0       0.0       0.0       0.0       5.4       4.5       0.0       0.0       0.0       0.0
       0.0       0.0       0.0       0.0       0.0       0.0       0.0       0.0       0.0       0.0       0.0       0.0
       0.0       0.0       0.0       0.0       0.0       0.0       0.0       0.0       0.0       0.0       0.0       0.0
       0.0       0.0       0.0       0.0       0.0       0.0       0.0       0.0       0.0       0.0       0.0       0.0
       0.0       0.0       0.0       0.0       0.0       0.0       0.0       0.0       0.0       0.0       0.0       0.0
       0.0       0.0       0.0       0.0       0.0       0.0       2.5       0.4       0.2       0.0       0.0       0.0
       0.0       0.0       1.2      15.4       7.4       0.0       7.6       0.9       1.4       0.3       0.0       0.0
       0.0    1631.0    2748.2    2478.6     279.2      53.6      94.6      41.2       0.3       0.2       0.0       0.0
       0.0    9497.3    8013.4    3249.2     339.3     180.3     202.4      20.4       0.1       0.0       0.0       0.0
       0.0     158.6     269.1    1210.8     343.6     613.3     246.8       0.0       0.0       0.0       0.0       0.0
       0.0      53.0     863.6     661.4     327.5     500.4     210.5       0.3       0.0       0.0       0.0       0.0
       0.0     103.1     245.0     187.4     317.2     416.3    1073.3     245.7       1.7       0.0       0.0       0.0
       0.0       5.5      53.4     304.2    1245.0    1529.4    1388.6     641.5      28.4       0.0       0.0       0.0
       0.0       0.0       6.9     147.8     641.0     667.0     429.3     143.4      11.2       0.0       0.0       0.0
       0.0       0.0       0.0       0.0       0.0       0.0      11.7       3.7       0.0       0.0       0.0       0.0
       0.0       0.0       0.0       0.0       0.0       0.0       0.0       0.0       0.0       0.0       0.0       0.0
       0.0       0.0       0.0       0.0       0.0       0.0       0.0       0.0       0.0       0.0       0.0       0.0
       0.0       0.0       0.0       0.0       0.0       0.0       0.0       0.0       0.0       0.0       0.0       0.0
       0.0       0.0       0.0       0.0       0.2       0.3       0.0       0.0       0.0       0.0       0.0       0.0
       0.0       0.0       0.0       0.0       0.2       0.6       3.0       0.2       0.0       0.0       0.0       0.0
       0.0       0.0       1.7      24.9      34.5       7.1      25.4       5.4       3.3       0.1       0.0       0.0
       0.0    1886.2    2722.2    1064.6     766.3     303.3     286.2      53.5       6.4       1.3       0.0       0.0
       0.0   10580.9    9336.7    2712.3     985.0     959.9     783.2      66.4       2.2       0.1       0.0       0.0
       0.0    1359.9    4069.5    1946.5     970.5    1411.9     683.2       0.0       0.0       0.0       0.0       0.0
       0.0     102.6     966.7     934.5     943.2    1241.8     758.2       3.1       0.0       0.0       0.0       0.0
       0.0      97.9     353.3     381.6     305.9    1204.6    1585.8     372.2       2.4       0.0       0.0       0.0
       0.0       5.2      88.0     489.9    1359.7    2519.5    1754.2     716.1      25.7       0.0       0.0       0.0
       0.0       0.0      13.3     147.7     618.2    1194.2     661.2     172.2       1.5       0.0       0.0       0.0
       0.0       0.0       1.2       0.0       0.0       6.9      10.7       0.0       0.0       0.0       0.0       0.0
       0.0       0.0       0.0       0.0       0.0       0.0       0.0       0.0       0.0       0.0       0.0       0.0
       0.0       0.0       0.0       0.0       0.0       0.0       0.0       0.0       0.0       0.0       0.0       0.0
       0.0       0.0       0.0       0.0       0.0       0.0       0.0       0.0       0.0       0.0       0.0       0.0
       0.0       0.0       0.0       0.0       0.4       0.8       0.0       0.0       0.0       0.0       0.0       0.0
       0.0       0.0       0.0       0.0       0.5       2.0       2.2       0.0       0.0       0.0       0.0       0.0
       0.0       0.0       0.1      21.6      32.6      15.7      17.5       1.9       1.0       0.0       0.0       0.0
       0.0     397.4    1342.5    2173.4     225.7     196.6     221.0      36.5       1.9       0.4       0.0       0.0
       0.0    6103.8    8018.9    3980.6     654.6     558.7     393.5      34.2       1.1       0.1       0.0       0.0
       0.0    1421.9    3270.0    2689.7    1328.3     961.5     352.2       0.0       0.0       0.0       0.0       0.0
       0.0      87.2     661.0     437.0    1144.7    1110.2     617.8       5.4       0.0       0.0       0.0       0.0
       0.0      96.0     254.1     269.2     478.3    1445.6    1231.2     146.4       0.0       0.0       0.0       0.0
       0.0       5.3      43.6     332.1    1038.1    1963.3    1015.6     363.6       4.9       0.0       0.0       0.0
       0.0       0.4      19.2      66.7     147.3     336.5     100.7     114.0       0.0       0.0       0.0       0.0
       0.0       0.0       3.7       0.5       0.0       0.0       0.0       0.0       0.0       0.0       0.0       0.0
       0.0       0.0       0.0       0.0       0.0       0.0       0.0       0.0       0.0       0.0       0.0       0.0
       0.0       0.0       0.0       0.0       0.0       0.0       0.0       0.0       0.0       0.0       0.0       0.0
       0.0       0.0       0.0       0.0       0.0       0.0       0.0       0.0       0.0       0.0       0.0       0.0
       0.0       0.0       0.0       0.0       0.1       0.4       0.0       0.0       0.0       0.0       0.0       0.0
       0.0       0.0       0.0       0.0       0.9       4.1       1.8       0.0       0.0       0.0       0.0       0.0
       0.0       0.0       0.2       4.8      31.4      35.0      22.7       0.6       0.3       0.0       0.0       0.0
       0.0      94.5    1463.7     974.6     254.6     218.6     144.3      12.9       1.7       0.2       0.0       0.0
       0.0    3077.7    5975.3    2075.9     297.8     377.1     462.3      26.9       1.2       0.1       0.0       0.0
       0.0    2063.9    1695.6     564.8     521.9     892.6     424.9       3.1       0.0       0.0       0.0       0.0
       0.0     559.7     612.1     232.8     695.9    1294.7     606.9       5.6       0.0       0.0       0.0       0.0
       0.0      79.7     410.0     561.5     507.6    1289.0     803.5      50.4       0.0       0.0       0.0       0.0
       0.0       2.4     120.0     379.1     426.5     693.9     532.8     122.5       1.8       0.0       0.0       0.0
       0.0       0.6      20.6      19.0      39.0     227.7     261.8      62.1       0.0       0.0       0.0       0.0
       0.0       0.0       8.0       1.1       0.0       0.0       0.0       0.0       0.0       0.0       0.0       0.0
       0.0       0.0       0.0       0.0       0.0       0.0       0.0       0.0       0.0       0.0       0.0       0.0
       0.0       0.0       0.0       0.0       0.0       0.0       0.0       0.0       0.0       0.0       0.0       0.0
       0.0       0.0       0.0       0.0       0.0       0.0       0.0       0.0       0.0       0.0       0.0       0.0
       0.0       0.0       0.0       0.0       0.0       0.0       0.0       0.0       0.0       0.0       0.0       0.0
       0.0       0.0       0.0       0.1       0.9       0.3       0.2       0.0       0.0       0.0       0.0       0.0
       0.0       0.0       0.1       0.8       0.1       0.3       2.0       0.0       0.0       0.0       0.0       0.0
       0.0       1.4       8.8      17.4       6.6       8.4      13.0       2.0       0.9       0.0       0.0       0.0
       0.0      11.8      34.2      20.5      50.3     149.3     204.3      19.7       1.9       0.1       0.0       0.0
       0.0      96.2      11.9      12.1     203.5     483.4     141.3       2.6       0.0       0.0       0.0       0.0
       0.0       5.2       8.0       8.2      73.2     274.5     121.8       7.9       0.0       0.0       0.0       0.0
       0.0       1.7       0.4       4.6       8.4      22.8      32.2       4.5       0.0       0.0       0.0       0.0
       0.0       0.9       4.1      15.9       6.8       5.4       5.2      12.4       0.0       0.0       0.0       0.0
       0.0       0.0       6.2       8.4       7.1       6.1       0.4       2.3       0.0       0.0       0.0       0.0
       0.0       0.0       1.7       1.1       0.0       0.0       0.0       0.0       0.0       0.0       0.0       0.0
       0.0       0.0       0.0       0.0       0.0       0.0       0.0       0.0       0.0       0.0       0.0       0.0
       0.0       0.0       0.0       0.0       0.0       0.0       0.0       0.0       0.0       0.0       0.0       0.0
       0.0       0.0       0.0       0.0       0.0       0.0       0.0       0.0       0.0       0.0       0.0       0.0
       0.0       0.0       0.0       0.0       0.0       0.0       0.0       0.0       0.0       0.0       0.0       0.0
       0.0       0.0       0.0       0.4       0.5       0.0       0.0       0.0       0.0       0.0       0.0       0.0
       0.0       0.0       0.0       0.7       0.3       0.0       1.5       0.0       0.0       0.0       0.0       0.0
       0.0       0.0       7.4      13.7      29.2       9.3       5.4       1.2       0.2       0.0       0.0       0.0
       0.0       6.8      41.9      80.2      80.5      79.6      90.2      20.0       2.2       0.0       0.0       0.0
       0.0       0.4      12.4      30.5     134.1     301.5     127.7      35.3       1.1       0.0       0.0       0.0
       0.0       6.2      33.2       5.9      54.5     204.8      41.2      17.7       0.0       0.0       0.0       0.0
       0.0       1.0      34.5      16.4       5.7      12.5       9.8       3.7       0.0       0.0       0.0       0.0
       0.0       1.0       9.1      12.9      15.5      23.1      23.0       4.9       0.0       0.0       0.0       0.0
       0.0       0.0       1.4       9.8       5.7      15.3      12.4       1.3       0.0       0.0       0.0       0.0
       0.0       0.0       0.0       0.0       0.0       0.0       0.0       0.0       0.0       0.0       0.0       0.0
       0.0       0.0       0.0       0.0       0.0       0.0       0.0       0.0       0.0       0.0       0.0       0.0
       0.0       0.0       0.0       0.0       0.0       0.0       0.0       0.0       0.0       0.0       0.0       0.0
       0.0       0.0       0.0       0.0       0.0       0.0       0.0       0.0       0.0       0.0       0.0       0.0
       0.0       0.0       0.0       0.0       0.0       0.0       0.0       0.0       0.0       0.0       0.0       0.0
       0.0       0.0       0.0       0.0       0.0       0.0       0.0       0.0       0.0       0.0       0.0       0.0
       0.0       0.0       0.0       0.0       0.0       0.0       0.0       0.0       0.0       0.0       0.0       0.0
       0.0       0.0       0.0       3.5       2.5       1.1       0.3       0.0       0.0       0.0       0.0       0.0
       0.0       2.2       8.9      15.2      18.0       3.0       0.3       0.0       0.0       0.0       0.0       0.0
       0.0       2.5      29.7       9.8       5.5       2.6       0.7       1.4       0.0       0.0       0.0       0.0
       0.0       0.0      10.5       8.7       7.3       0.9       0.7       0.5       0.0       0.0       0.0       0.0
       0.0       0.0       3.6      26.0       2.3       0.3       0.0       0.0       0.0       0.0       0.0       0.0
       0.0       0.0       0.0      16.0       1.2       0.3       0.0       0.0       0.0       0.0       0.0       0.0
       0.0       0.0       0.0       0.0       0.0       0.0       0.0       0.0       0.0       0.0       0.0       0.0
       0.0       0.0       0.0       0.0       0.0       0.0       0.0       0.0       0.0       0.0       0.0       0.0
       0.0       0.0       0.0       0.0       0.0       0.0       0.0       0.0       0.0       0.0       0.0       0.0
       0.0       0.0       0.0       0.0       0.0       0.0       0.0       0.0       0.0       0.0       0.0       0.0
       0.0       0.0       0.0       0.0       0.0       0.0       0.0       0.0       0.0       0.0       0.0       0.0
       0.0       0.0       0.0       0.0       0.0       0.0       0.0       0.0       0.0       0.0       0.0       0.0
       0.0       0.0       0.0       0.0       0.0       0.0       0.0       0.0       0.0       0.0       0.0       0.0
       0.0       0.0       0.0       0.0       0.0       0.0       0.0       0.0       0.0       0.0       0.0       0.0
       0.0       0.0       0.0       0.0       0.0       0.0       0.0       0.0       0.0       0.0       0.0       0.0
       0.0       0.0       0.0       0.0       0.0       0.0       0.0       0.0       0.0       0.0       0.0       0.0
       0.0       0.0      12.6       0.6       0.0       0.0       0.0       0.0       0.0       0.0       0.0       0.0
       0.0       0.0      20.3      11.9       0.0       0.0       0.0       0.0       0.0       0.0       0.0       0.0
       0.0       0.0       6.2      12.1       0.0       0.0       0.0       0.0       0.0       0.0       0.0       0.0
       0.0       0.0       0.0       0.0       0.0       0.0       0.0       0.0       0.0       0.0       0.0       0.0
       0.0       0.0       0.0       0.0       0.0       0.0       0.0       0.0       0.0       0.0       0.0       0.0
       0.0       0.0       0.0       0.0       0.0       0.0       0.0       0.0       0.0       0.0       0.0       0.0
       0.0       0.0       0.0       0.0       0.0       0.0       0.0       0.0       0.0       0.0       0.0       0.0
       0.0       0.0       0.0       0.0       0.0       0.0       0.0       0.0       0.0       0.0       0.0       0.0
       0.0       0.0       0.0       0.0       0.0       0.0       0.0       0.0       0.0       0.0       0.0       0.0
       0.0       0.0       0.0       0.0       0.0       0.0       0.0       0.0       0.0       0.0       0.0       0.0
       0.0       0.0       0.0       0.0       0.0       0.0       0.0       0.0       0.0       0.0       0.0       0.0
       0.0       0.0       0.0       0.0       0.0       0.0       0.0       0.0       0.0       0.0       0.0       0.0
       0.0       0.0       0.0       0.0       0.0       0.0       0.0       0.0       0.0       0.0       0.0       0.0
       0.0       0.0       0.0       0.0       0.0       0.0       0.0       0.0       0.0       0.0       0.0       0.0
       0.0       0.0       0.0       0.0       0.0       0.0       0.0       0.0       0.0       0.0       0.0       0.0
       0.0       0.0       0.0       0.0       0.0       0.0       0.0       0.0       0.0       0.0       0.0       0.0
       0.0       0.0       0.0       0.0       0.0       0.0       0.0       0.0       0.0       0.0       0.0       0.0
       0.0       0.0       0.0       0.0       0.0       0.0       0.0       0.0       0.0       0.0       0.0       0.0
       0.0       0.0       0.0       0.0       0.0       0.0       0.0       0.0       0.0       0.0       0.0       0.0
       0.0       0.0       0.0       0.0       0.0       0.0       0.0       0.0       0.0       0.0       0.0       0.0
       0.0       0.0       0.0       0.0       0.0       0.0       0.0       0.0       0.0       0.0       0.0       0.0
