       0.0       0.0       0.0       0.0       0.0       0.0       0.0       0.0       0.0       0.0       0.0       0.0
       0.0       0.0       0.0       0.0       0.0       0.0       0.0       0.0       0.0       0.0       0.0       0.0
       0.0       0.0       0.0       0.0       0.0       0.0       0.0       0.0       0.0       0.0       0.0       0.0
       0.0       0.0       0.0       0.0       0.0       0.0       0.0       0.0       0.0       0.0       0.0       0.0
       0.0       0.0       0.0       0.0       0.0       0.0       0.0       0.0       0.0       0.0       0.0       0.0
       0.0       0.0       0.0       0.0       0.0       0.0       0.0       0.0       0.0       0.0       0.0       0.0
       0.0       0.0       0.0       0.0       0.0       0.0       0.0       0.0       0.0       0.0       0.0       0.0
       0.0       0.0       0.0       0.0       0.0       0.0       0.0       0.0       0.0       0.0       0.0       0.0
       0.0       0.0       0.0       0.0       0.0       0.0       0.0       0.0       0.0       0.0       0.0       0.0
       0.0       0.0       0.0       0.0       0.0       0.0       0.0       0.0       0.0       0.0       0.0       0.0
       0.0       0.0       0.0       0.0       0.0       0.0       0.0       0.0       0.0       0.0       0.0       0.0
       0.0       0.0       0.0       0.0       0.0       0.0       0.0       0.0       0.0       0.0       0.0       0.0
       0.0       0.0       0.0       0.0       0.0       0.0       0.0       0.0       0.0       0.0       0.0       0.0
       0.0       0.0       0.0       0.0       0.0       0.0       0.0       0.0       0.0       0.0       0.0       0.0
       0.0       0.0       0.0       0.0       0.0       0.0       0.0       0.0       0.0       0.0       0.0       0.0
       0.0       0.0       0.0       0.0       0.0       0.0       0.0       0.0       0.0       0.0       0.0       0.0
       0.0       0.0       0.0       0.0       0.0       0.0       0.0       0.0       0.0       0.0       0.0       0.0
       0.0       0.0       0.0       0.0       0.0       0.0       2.4       0.4       0.5       0.3       0.0       0.0
       0.0       0.0       0.0       0.0       0.0       0.0       2.9       0.5       1.1       0.6       0.0       0.0
       0.0     769.7     532.6     240.2     190.7       5.7      48.8      35.0       0.0       0.0       0.0       0.0
       0.0    7796.9    1653.0     211.8     115.4      13.1      20.9      10.9       0.0       0.0       0.0       0.0
       0.0       0.0      36.3     156.4      81.2     200.0      61.2       0.0       0.0       0.0       0.0       0.0
       0.0       4.2     494.3     204.2      72.4     124.3      84.7       0.0       0.0       0.0       0.0       0.0
       0.0      80.5      26.9      20.0      92.8      42.3     726.4     257.6       0.2       0.0       0.0       0.0
       0.0       1.1       7.9      54.4     135.0     243.5     353.6     244.8      15.4       0.0       0.0       0.0
       0.0       0.0       3.6      79.5      66.3      50.0      41.8      37.7       0.0       0.0       0.0       0.0
       0.0       0.0       0.0       0.0       0.0       0.0       5.8       5.2       0.0       0.0       0.0       0.0
       0.0       0.0       0.0       0.0       0.0       0.0       0.0       0.0       0.0       0.0       0.0       0.0
       0.0       0.0       0.0       0.0       0.0       0.0       0.0       0.0       0.0       0.0       0.0       0.0
       0.0       0.0       0.0       0.0       0.0       0.0       0.0       0.0       0.0       0.0       0.0       0.0
       0.0       0.0       0.0       0.0       0.0       0.0       0.0       0.0       0.0       0.0       0.0       0.0
       0.0       0.0       0.0       0.0       0.0       0.0       4.3       0.6       0.4       0.1       0.0       0.0
       0.0       0.0       1.6      20.6       9.5       0.0      11.1       1.4       2.4       0.6       0.0       0.0
       0.0    2430.7    2733.9    1785.5     394.4      82.8     142.0      61.3       0.5       0.2       0.0       0.0
       0.0   14510.2    9078.3    2083.6     419.4     144.3     134.0      34.8       0.1       0.0       0.0       0.0
       0.0     390.7     297.5     939.0     471.4     597.5     241.2       0.0       0.0       0.0       0.0       0.0
       0.0     121.1    1296.3     899.3     419.3     679.9     431.0       0.4       0.0       0.0       0.0       0.0
       0.0     181.1     381.8     238.1     454.1     594.4    1758.5     385.5       2.7       0.0       0.0       0.0
       0.0       7.1      76.0     396.9    1691.7    2062.0    1737.9     751.5      31.8       0.0       0.0       0.0
       0.0       0.0       9.9     227.9     777.6     648.3     444.5     135.8       8.6       0.0       0.0       0.0
       0.0       0.0       0.0       0.0       0.0       0.0      10.0       4.7       0.0       0.0       0.0       0.0
       0.0       0.0       0.0       0.0       0.0       0.0       0.0       0.0       0.0       0.0       0.0       0.0
       0.0       0.0       0.0       0.0       0.0       0.0       0.0       0.0       0.0       0.0       0.0       0.0
       0.0       0.0       0.0       0.0       0.0       0.0       0.0       0.0       0.0       0.0       0.0       0.0
       0.0       0.0       0.0       0.0       0.4       0.7       0.0       0.0       0.0       0.0       0.0       0.0
       0.0       0.0       0.0       0.0       0.3       1.2       6.1       0.3       0.3       0.0       0.0       0.0
       0.0       0.0       2.1      33.5      33.2       9.8      36.9       8.1       3.9       0.5       0.0       0.0
       0.0    2604.0    5032.9    2602.8     925.1     376.7     332.3      68.8       6.7       1.9       0.0       0.0
       0.0   12723.5   16825.0    5720.3    1213.3     807.7     900.6     120.5       1.6       0.1       0.0       0.0
       0.0    1882.4    6333.3    3921.7    1288.7     984.4     681.2       7.5       0.0       0.0       0.0       0.0
       0.0     195.6    1351.3    1387.8    1299.7    1388.4    1249.5       2.7       0.0       0.0       0.0       0.0
       0.0     176.6     497.7     514.5     461.6    1750.1    2100.2     493.6       1.9       0.0       0.0       0.0
       0.0       6.6      82.0     588.6    2054.3    3237.5    2042.3     919.4      37.7       0.0       0.0       0.0
       0.0       0.0      16.8     255.0     928.3    1095.0     496.3     172.9       8.5       0.0       0.0       0.0
       0.0       0.0       2.4       0.3       0.0       0.9      11.8       1.1       0.0       0.0       0.0       0.0
       0.0       0.0       0.0       0.0       0.0       0.0       0.0       0.0       0.0       0.0       0.0       0.0
       0.0       0.0       0.0       0.0       0.0       0.0       0.0       0.0       0.0       0.0       0.0       0.0
       0.0       0.0       0.0       0.0       0.0       0.0       0.0       0.0       0.0       0.0       0.0       0.0
       0.0       0.0       0.0       0.0       1.0       1.7       0.0       0.0       0.0       0.0       0.0       0.0
       0.0       0.0       0.0       0.0       1.3       3.5       5.3       0.1       0.1       0.0       0.0       0.0
       0.0       0.0       0.5      25.4      28.6       7.0      27.8       1.4       2.1       0.4       0.0       0.0
       0.0     732.6     755.5    2417.8     254.9     205.4     218.7      41.3       2.3       1.3       0.0       0.0
       0.0    9076.6    5747.3    3901.9     758.3     938.6     587.4      43.1       1.2       0.2       0.0       0.0
       0.0    2547.4    2719.6    3578.1    1724.7    1546.3     431.7       4.4       0.0       0.0       0.0       0.0
       0.0     216.4     858.4     598.7    1678.4    2148.6     897.7       4.3       0.0       0.0       0.0       0.0
       0.0     237.0     447.5     613.3     854.9    1665.5    1560.3     166.8       0.2       0.0       0.0       0.0
       0.0       7.6      73.8     406.8    1379.8    1274.8    1367.9     330.3      12.3       0.0       0.0       0.0
       0.0       0.6      23.9     105.9     623.3     504.5     349.3     133.6       5.0       0.0       0.0       0.0
       0.0       0.0       4.7       1.4       0.0       4.3       7.8       0.0       0.0       0.0       0.0       0.0
       0.0       0.0       0.0       0.0       0.0       0.0       0.0       0.0       0.0       0.0       0.0       0.0
       0.0       0.0       0.0       0.0       0.0       0.0       0.0       0.0       0.0       0.0       0.0       0.0
       0.0       0.0       0.0       0.0       0.0       0.0       0.0       0.0       0.0       0.0       0.0       0.0
       0.0       0.0       0.0       0.0       0.5       1.0       0.0       0.0       0.0       0.0       0.0       0.0
       0.0       0.0       0.0       0.5       3.8       8.6       4.8       0.0       0.0       0.0       0.0       0.0
       0.0       0.0       0.4      11.4      51.7      41.4      34.8       1.3       2.7       0.3       0.0       0.0
       0.0     356.6    3119.9    2132.5     362.9     225.7     152.9      23.2       3.1       0.8       0.0       0.0
       0.0    7821.0   12985.1    3892.0     382.2     203.0     187.7      41.4       1.9       0.4       0.0       0.0
       0.0    3653.0    6015.8    1575.6     727.2     601.1     247.7       0.1       0.0       0.0       0.0       0.0
       0.0    1368.0    1527.9     639.7     883.6    1511.1     878.3       8.0       0.0       0.0       0.0       0.0
       0.0     144.9     531.9     930.0     744.1    1693.9    1147.5      95.2       0.1       0.0       0.0       0.0
       0.0       6.7     133.7     520.2    1407.7    2604.1     944.7     223.5       5.9       0.0       0.0       0.0
       0.0       1.7      24.8      31.4     285.9     844.1     426.4     106.5       0.0       0.0       0.0       0.0
       0.0       0.0       9.7       1.0       0.0       9.4       4.1       0.0       0.0       0.0       0.0       0.0
       0.0       0.0       0.0       0.0       0.0       0.0       0.0       0.0       0.0       0.0       0.0       0.0
       0.0       0.0       0.0       0.0       0.0       0.0       0.0       0.0       0.0       0.0       0.0       0.0
       0.0       0.0       0.0       0.0       0.0       0.0       0.0       0.0       0.0       0.0       0.0       0.0
       0.0       0.0       0.0       0.0       0.1       0.2       0.0       0.0       0.0       0.0       0.0       0.0
       0.0       0.0       0.0       0.1       1.5       2.5       1.1       0.0       0.0       0.0       0.0       0.0
       0.0       0.0       0.0       0.8       2.0       3.3      13.8       1.4       2.6       0.1       0.0       0.0
       0.0       2.1     271.7      34.3      20.3      22.2      43.9       4.9       4.3       0.3       0.0       0.0
       0.0     187.3    1027.3      74.7      90.7      89.4     312.7      35.7       3.0       0.4       0.0       0.0
       0.0    1321.4      64.4      31.9     123.9     403.9     124.4       1.5       0.0       0.0       0.0       0.0
       0.0     271.8      36.9     108.2     125.0     442.4     354.9      19.1       0.0       0.0       0.0       0.0
       0.0       2.7       3.1      93.6      77.4     472.6     321.4      22.7       0.0       0.0       0.0       0.0
       0.0       3.2      13.1      24.4     142.1     271.7     335.0     166.7       0.6       0.0       0.0       0.0
       0.0       1.7      10.8      10.3     135.7     123.4     101.6      67.3       0.0       0.0       0.0       0.0
       0.0       0.0       2.0       1.2       0.0       0.0       0.0       0.0       0.0       0.0       0.0       0.0
       0.0       0.0       0.0       0.0       0.0       0.0       0.0       0.0       0.0       0.0       0.0       0.0
       0.0       0.0       0.0       0.0       0.0       0.0       0.0       0.0       0.0       0.0       0.0       0.0
       0.0       0.0       0.0       0.0       0.0       0.0       0.0       0.0       0.0       0.0       0.0       0.0
       0.0       0.0       0.0       0.0       0.0       0.0       0.0       0.0       0.0       0.0       0.0       0.0
       0.0       0.0       0.0       0.0       1.2       2.5       0.3       0.0       0.0       0.0       0.0       0.0
       0.0       0.0       0.0       0.0       1.8       3.5      10.8       2.1       1.6       0.0       0.0       0.0
       0.0       0.0       8.1      21.9      37.8      23.4      42.9       9.5       5.7       0.0       0.0       0.0
       0.0      12.6     103.7     197.3     137.0     176.3     348.3      45.5       7.2       0.0       0.0       0.0
       0.0      42.0     150.5     141.6     209.7     527.1     439.9      79.7       1.6       0.0       0.0       0.0
       0.0      27.8      45.6      44.8      63.4     193.3     165.5      69.4       0.0       0.0       0.0       0.0
       0.0       5.3      29.5      31.6      21.5      54.1      89.1      20.6       0.0       0.0       0.0       0.0
       0.0       1.0      17.4      19.3      88.4     541.9     529.2      52.5       0.0       0.0       0.0       0.0
       0.0       0.0       1.7      10.6      52.7     377.0     268.6       9.3       0.0       0.0       0.0       0.0
       0.0       0.0       0.0       0.8       0.0       0.0       0.0       0.0       0.0       0.0       0.0       0.0
       0.0       0.0       0.0       0.0       0.0       0.0       0.0       0.0       0.0       0.0       0.0       0.0
       0.0       0.0       0.0       0.0       0.0       0.0       0.0       0.0       0.0       0.0       0.0       0.0
       0.0       0.0       0.0       0.0       0.0       0.0       0.0       0.0       0.0       0.0       0.0       0.0
       0.0       0.0       0.0       0.0       0.0       0.0       0.0       0.0       0.0       0.0       0.0       0.0
       0.0       0.0       0.0       0.0       0.6       1.4       0.0       0.0       0.0       0.0       0.0       0.0
       0.0       0.0       0.0       0.0       1.5       5.6       1.2       0.0       0.0       0.0       0.0       0.0
       0.0       0.0       0.0       2.3       2.9       4.9       4.9       2.2       2.3       0.0       0.0       0.0
       0.0       0.0       0.3      18.3      15.0       7.7       3.3       6.1       4.3       0.0       0.0       0.0
       0.0       1.1       6.3      16.4      11.9      10.7       9.8      19.6       1.8       0.0       0.0       0.0
       0.0       4.2      11.9      10.9       8.5       0.9       6.5       7.5       0.0       0.0       0.0       0.0
       0.0       0.0       4.9      10.1      11.3      10.1       3.2       0.0       0.0       0.0       0.0       0.0
       0.0       0.0       0.0       1.9       7.3       7.7       0.0       0.0       0.0       0.0       0.0       0.0
       0.0       0.0       0.0       0.0       0.7       0.0       0.0       0.0       0.0       0.0       0.0       0.0
       0.0       0.0       0.0       0.0       0.0       0.0       0.0       0.0       0.0       0.0       0.0       0.0
       0.0       0.0       0.0       0.0       0.0       0.0       0.0       0.0       0.0       0.0       0.0       0.0
       0.0       0.0       0.0       0.0       0.0       0.0       0.0       0.0       0.0       0.0       0.0       0.0
       0.0       0.0       0.0       0.0       0.0       0.0       0.0       0.0       0.0       0.0       0.0       0.0
       0.0       0.0       0.0       0.0       0.0       0.0       0.0       0.0       0.0       0.0       0.0       0.0
       0.0       0.0       0.0       0.0       0.0       0.0       0.0       0.0       0.0       0.0       0.0       0.0
       0.0       0.0       0.0       0.0       1.3       2.4       0.1       0.0       0.0       0.0       0.0       0.0
       0.0       0.0       0.0       0.0       4.0       6.7       1.7       0.1       0.0       0.0       0.0       0.0
       0.0       0.0       0.0       0.0       7.2       4.9       5.5       2.5       0.2       0.0       0.0       0.0
       0.0       0.0       0.3       1.2       9.1       3.2       8.8       5.2       0.0       0.0       0.0       0.0
       0.0       0.0       0.0       2.1      10.1       4.8      12.2       2.1       0.0       0.0       0.0       0.0
       0.0       0.0       0.0       1.6       5.5       7.1       4.5       0.0       0.0       0.0       0.0       0.0
       0.0       0.0       0.0       0.0       0.2       0.7       0.0       0.0       0.0       0.0       0.0       0.0
       0.0       0.0       0.0       0.0       0.0       0.0       0.0       0.0       0.0       0.0       0.0       0.0
       0.0       0.0       0.0       0.0       0.0       0.0       0.0       0.0       0.0       0.0       0.0       0.0
       0.0       0.0       0.0       0.0       0.0       0.0       0.0       0.0       0.0       0.0       0.0       0.0
       0.0       0.0       0.0       0.0       0.0       0.0       0.0       0.0       0.0       0.0       0.0       0.0
       0.0       0.0       0.0       0.0       0.0       0.0       0.0       0.0       0.0       0.0       0.0       0.0
       0.0       0.0       0.0       0.0       0.0       0.0       0.0       0.0       0.0       0.0       0.0       0.0
       0.0       0.0       0.0       0.0       0.0       0.0       0.0       0.0       0.0       0.0       0.0       0.0
       0.0       0.0       0.0       0.0       0.0       0.0       0.0       0.0       0.0       0.0       0.0       0.0
       0.0       0.0       0.0       0.0       0.0       0.0       0.0       0.0       0.0       0.0       0.0       0.0
       0.0       0.0       0.0       0.0       0.0       0.0       0.0       0.0       0.0       0.0       0.0       0.0
       0.0       0.0       0.0       0.0       0.0       0.0       0.0       0.0       0.0       0.0       0.0       0.0
       0.0       0.0       0.0       0.0       0.0       0.0       0.0       0.0       0.0       0.0       0.0       0.0
       0.0       0.0       0.0       0.0       0.0       0.0       0.0       0.0       0.0       0.0       0.0       0.0
       0.0       0.0       0.0       0.0       0.0       0.0       0.0       0.0       0.0       0.0       0.0       0.0
       0.0       0.0       0.0       0.0       0.0       0.0       0.0       0.0       0.0       0.0       0.0       0.0
       0.0       0.0       0.0       0.0       0.0       0.0       0.0       0.0       0.0       0.0       0.0       0.0
       0.0       0.0       0.0       0.0       0.0       0.0       0.0       0.0       0.0       0.0       0.0       0.0
