   620126  30.326080  103.050789     6.011   -23896.9     2923.4     6056.7   8740.1  14692.6  19206.2 2001 12 27  9 19 52.800 0.0   1
   620149  30.077698  103.381721    17.465     7842.1   -24648.1    17517.8  13350.9   7313.7  21702.9 2002  7  3 23 48 54.500 0.0   1
   620163  30.070000  102.080002    -0.000  -117391.4   -24944.2     1130.5      0.0      0.0      0.0 2002  9 13  5 36 42.700 0.0   1
   620175  31.051071  103.411964     4.978    10657.5    83452.6     5534.0   9395.4   6432.9  10990.8 2002 11 16 16 17 59.200 0.0   1
   620203  31.217529  103.500969    -2.037    19117.5   102069.3    -1190.9      0.0      0.0      0.0 2003  5  5 18 59 58.200 0.0   1
   620267  30.290005  102.449989    -0.000   -81610.3     -806.3      522.8      0.0      0.0      0.0 2003 10 24 11 36 19.800 0.0   1
      137  29.142839  103.699387     8.796    38734.4  -128415.7    10209.9   4484.3   6453.5   7525.5 2001  1  7  7 49 58.600 2.9   1
      138  29.132345  103.692657     9.001    38083.4  -129579.1    10435.0   6524.3   5322.7   7643.9 2001  1  7  7 53 11.100 2.3   1
      153  31.525169  104.065453     3.922    72505.5   136382.5     5796.3   9614.3   5714.0   8353.8 2001  1  8  2  2 37.400 2.1   1
      191  29.383303  101.133003    -0.000  -209911.5   -99924.9     4243.1      0.0      0.0      0.0 2001  1  9 13  5  2.200 3.4   1
      293  29.916700  103.116989    -0.000   -17637.8   -42606.4      166.9      0.0      0.0      0.0 2001  1 12 15 53 18.400 2.4   1
      322  31.429535  102.493675    15.986   -76309.7   125546.1    17684.6   3760.9   4625.7  11090.3 2001  1 13 20 39 56.500 2.8   1
      354  31.136555  103.757339    10.147    43458.0    92956.2    10974.8   8396.9   6143.1  10185.2 2001  1 14 17 41 38.100 2.4   1
      356  31.138880  103.775597    10.858    45186.9    93211.3    11701.8  11094.3   8164.8  15758.7 2001  1 14 18 20 23.100 2.0   1
      374  31.718887  103.774582    13.086    44796.4   157525.9    15195.8   8138.3  10612.1  13558.7 2001  1 15  8 54  9.100 1.8   1
      381  31.135820  103.725594    10.919    40437.1    92851.8    11725.7  14478.3   8311.4  16405.4 2001  1 15 18 34 30.800 2.0   1
      401  31.554525  102.405014    11.060   -84653.0   139576.6    13155.5   5468.6   5771.8  18565.5 2001  1 17  5 21 39.100 1.9   1
      405  29.533373  100.989494     5.859  -223269.5   -82892.6    10316.2  11590.1   6975.1  31806.8 2001  1 17  9  7 19.400 2.6   1
      500  31.152470  103.806793    15.811    48106.3    94658.7    16697.6   8818.2   6276.5   9429.2 2001  1 21  8 16 31.600 2.8   1
      504  31.127174  103.807411    21.856    48131.1    91765.8    22702.0   6010.1   3944.2   8103.5 2001  1 21 13  8 44.500 2.9   1
      510  31.145615  103.742111    11.190    41999.7    93941.1    12022.7   9822.2   5188.6  11129.6 2001  1 21 14 25 45.400 2.1   1
      528  31.121815  103.792076    15.059    46729.8    91263.3    15886.2  10371.4   7108.0  13069.3 2001  1 22  3  3 47.600 2.5   1
      584  29.503422  101.008080     7.281  -221490.3   -86236.3    11721.2   9197.2   6129.6  20642.7 2001  1 25  0 31 21.400 3.1   1
      607  28.987131  102.459236     3.977   -81722.9  -145577.7     6165.8   8526.2   7241.3  10229.7 2001  1 26  1 17 18.600 2.2   1
      665  30.938053  103.124611    10.981   -16699.0    70837.0    11397.5   6858.0   4082.8  16514.6 2001  1 29  4 14 37.300 3.0   1
      699  30.402569  102.002937     5.095  -124284.4    12105.6     6320.1   8019.5   8346.9  18069.3 2001  1 31 17 23  9.600 2.2   1
      732  29.521908  103.211609     6.033    -8544.3   -86432.0     6626.1   2139.9   4143.8   7371.4 2001  2  2 14 42 34.500 2.6   1
      821  30.616951  103.045403     8.843   -24329.4    35221.1     8987.3   5659.9   7103.9  11235.5 2001  2  9 11 33 16.600 2.1   1
      822  30.403109  102.653870     5.038   -61915.7    11632.0     5350.0   5178.0   5479.1   9781.4 2001  2  9 17 44 48.600 2.7   1
      854  29.666702  102.282990    -0.000   -98257.4   -69978.2     1142.1      0.0      0.0      0.0 2001  2 11  6 25 36.200 2.1   1
      895  29.468830  101.054176     5.966  -217156.4   -90184.7    10310.8   6511.4   8848.0  15590.3 2001  2 12 17 55  4.600 2.7   1
      899  29.452854  101.076927     3.929  -215060.1   -92031.5     8227.8   8668.3   8645.7  26918.0 2001  2 12 20 44 50.100 3.3   1
      911  29.487040  101.046547     9.102  -217747.9   -88104.1    13439.5   6566.2  10027.0  18380.6 2001  2 13  1  0  9.400 2.8   1
      924  29.495285  101.025513     4.505  -219919.3   -87211.5     8902.7   7798.5   5914.1  19100.0 2001  2 13 15 32 21.900 2.4   1
      951  29.496387  101.003769     1.538  -222121.5   -87087.4     6008.3   5373.7   4999.6   9732.1 2001  2 14 15 39 59.900 3.0   1
      970  29.501598  100.998276     9.159  -222375.1   -86394.1    13633.5   6347.3   6652.7  16630.5 2001  2 14 17 50 30.900 2.9   1
     1010  29.492054  101.004478     6.339  -221895.9   -87504.4    10810.1   7732.0   7965.4  13946.6 2001  2 15  9 15 58.700 2.7   1
     1035  29.468906  101.012115     3.028  -221322.9   -90136.7     7513.6   6432.5   8037.1  24874.1 2001  2 16  7  3 16.800 2.7   1
     1095  31.220224  103.458130    10.947    15010.5   102154.3    11785.1   9373.8   6008.2  16300.9 2001  2 17 17 43 43.500 2.2   1
     1171  29.468910  101.041679     2.620  -218478.8   -90199.5     7008.3   6937.2   8178.9  21435.3 2001  2 20  8 21 28.400 2.8   1
     1240  29.720581  102.607887    11.029   -66717.8   -64112.7    11702.0   7920.1   6400.5  19487.0 2001  2 22 19  5 56.500 1.8   1
     1247  29.469564  100.972504     1.135  -225218.3   -90012.5     5753.9   5523.2   4839.9   8851.9 2001  2 23  9 34 43.000 3.0   1
     1248  29.468622  101.057854     7.923  -216734.8   -90187.0    12254.7   7392.8   8237.8  13632.2 2001  2 23  9 39 38.000 2.7   1
     1250  29.450905  101.011879     0.139  -221485.9   -92177.9     4657.5   5337.0   6440.8  11636.7 2001  2 23 10 11 51.000 4.2   1
     1264  31.669603  103.813545    10.526    48519.2   152136.2    12530.8   6678.8   6934.7   7617.1 2001  2 23 18 15 11.400 1.9   1
     1277  31.620419  102.978363     5.891   -30426.0   146718.0     7655.1   6604.0   7077.0  15218.9 2001  2 24  0  8 36.000 2.0   1
     1281  29.434505  101.012383    -1.282  -221521.8   -94023.1     3263.3      0.0      0.0      0.0 2001  2 24  2 22 20.000 2.7   1
     1287  29.517927  100.993362     4.892  -222962.9   -84628.5     9360.5   7072.0   7586.7  40917.9 2001  2 25  6 28  9.300 2.0   1
     1311  29.485733  100.997559     7.523  -222536.5   -88176.5    12026.2   4178.0   6829.5  33182.7 2001  2 26  6  4 43.400 3.0   1
     1331  29.469200  101.010094     7.037  -221378.1   -90043.4    11526.5   6032.7   8452.8  14829.4 2001  2 27  2 46 21.800 2.2   1
     1352  29.451860  100.957542     5.759  -226540.5   -91883.6    10455.3   5761.8   7558.7  17467.5 2001  2 27 22 21 48.400 3.2   1
     1439  30.352978  102.624786    15.649   -64628.0     6068.5    15980.2   9500.2   8631.6  17154.9 2001  3  3 15 48  7.200 2.7   1
     1442  30.985325  103.308983     3.585      856.0    76159.7     4040.2   8020.2   7027.2  19360.3 2001  3  3 17 38  4.500 2.1   1
     1446  29.061892  102.755363    15.008   -52810.7  -137209.6    16708.9   3761.7   4957.9  11725.1 2001  3  3 18 49 32.900 1.9   1
     1453  31.383303  101.166992     0.000  -202433.7   122351.8     4392.5      0.0      0.0      0.0 2001  3  3 23 40 12.500 2.1   1
     1487  29.017448  101.886147     1.117  -137440.5  -141720.7     4176.9   5244.6   8857.7  11579.2 2001  3  4 21 10 45.300 2.7   1
     1530  29.954170  103.048073    21.020   -24190.9   -38300.7    21181.8   6859.6   4797.3  11239.9 2001  3  7  0  9 22.000 2.0   1
     1585  31.570227  102.424103    14.965   -82782.6   141218.5    17073.4   8383.2   8198.2  19216.8 2001  3  8 19 33 41.300 2.1   1
     1644  30.458326  103.328484     4.996     2728.1    17591.4     5020.4   9363.7   6379.3  11797.3 2001  3 11 16 37 23.400 2.3   1
     1651  29.418036  101.029953    -2.866  -219911.7   -95912.3     1650.9      0.0      0.0      0.0 2001  3 11 22 32  4.200 3.5   1
     1659  29.466673  101.039627     5.906  -218569.4   -90397.4    10302.4   5657.9   6127.1  11128.8 2001  3 12 10 16 46.900 3.0   1
     1684  30.466702  101.566994    -0.000  -166068.3    19803.4     2195.5      0.0      0.0      0.0 2001  3 13 18 37  8.400 2.0   1
     1723  29.277828  104.342865    12.949   100937.3  -112959.7    14753.5   6224.2   6918.2  12299.2 2001  3 15  8 17 45.300 2.6   1
     1910  31.618380  102.394470     6.651   -85650.6   146772.4     8920.2   6099.8   5852.1  15414.4 2001  3 24  2 29 21.700 2.0   1
     1932  29.493019  101.010559     2.898  -221425.4   -87456.2     7349.8   6698.3   6608.1  33162.2 2001  3 25  0 23 17.500 2.8   1
     1997  29.250814  101.850372     3.744  -140539.9  -115692.2     6346.9   4556.8   6732.5  20698.8 2001  3 26 12 47 28.600 2.9   1
     2135  29.502380  101.041901     1.947  -218408.2   -86489.6     6281.0  11687.4  10284.6  27329.9 2001  3 30 10 28 13.200 2.7   1
     2138  29.518087  101.006454     6.816  -221630.5   -84610.9    11239.2  11942.8   8387.8  27855.8 2001  3 30 15 38 13.900 2.8   1
     2165  29.547132  103.314873    10.322     1436.4   -83576.9    10870.8   5065.8   4385.6   6705.4 2001  3 31 23 22 22.200 1.9   1
     2244  31.620314  104.003639     9.466    66524.7   146786.8    11508.1  11978.6  10520.5   9427.2 2001  4  4  4 20 10.900 2.2   1
     2248  29.453211  101.029488    10.991  -219402.7   -91799.5    15439.3   6045.0  11764.0  24156.6 2001  4  4  9 20 16.800 2.9   1
     2257  29.500362  101.029633    -1.952  -219733.0   -86743.2     2428.0      0.0      0.0      0.0 2001  4  4 18 55 26.900 3.4   1
     2286  29.483301  101.082993    -0.000  -214541.4   -88715.4     4231.4      0.0      0.0      0.0 2001  4  6 13  2  7.800 3.4   1
     2301  30.474842  101.608582     3.930  -161971.2    20635.7     6023.6   6779.9   6525.0  17934.0 2001  4  7  0 37 51.400 2.3   1
     2323  29.702618  102.597694    11.383   -67709.4   -66096.7    12086.9   4508.1   5178.4  14609.3 2001  4  7 20 34 24.800 2.0   1
     2329  29.484394  101.029106    -0.500  -219768.6   -88497.9     3905.9      0.0      0.0      0.0 2001  4  7 22 36 39.000 2.5   1
     2330  29.502804  101.026932     5.923  -219717.2   -86359.8    10302.4   9418.0   6544.3  13934.2 2001  4  7 23 46 29.000 2.7   1
     2336  29.495489  101.047600    16.277  -217382.0   -87070.0    20593.3   6107.2   5033.1  10763.0 2001  4  8  2 22 17.100 2.8   1
     2339  32.171146  103.574844    10.885    25825.0   207700.7    14329.8  11057.1  11206.9  32730.4 2001  4  8  6 23  0.400 2.0   1
     2367  29.700003  102.083000    -0.000  -117538.3   -66085.8     1427.1      0.0      0.0      0.0 2001  4  9  1 56 51.300 1.9   1
     2381  29.468466  103.448517    17.373    14338.6   -92197.7    18058.3   5241.8   5543.2   5145.5 2001  4  9 14 35 11.900 2.1   1
     2403  30.852798  103.132637    17.967   -15931.8    61305.4    18282.4   6680.0  11153.8   8935.6 2001  4 10 19 29 52.800 2.8   1
     2432  31.156609  103.642250     7.023    32530.8    95190.6     7817.8   9778.0   5316.6  10862.5 2001  4 11 17 16 58.500 2.0   1
     2434  31.370274  103.878868    13.916    54836.9   118881.5    15264.5  10952.2   8225.5  20105.3 2001  4 11 18 30 18.600 1.9   1
     2491  30.047409  102.829002     6.875   -45284.8   -27962.6     7097.4   3882.7   4455.9  25568.9 2001  4 14 11 29 43.400 2.1   1
     2562  30.616026  102.410652    12.993   -84927.9    35400.9    13658.8   2750.9   4251.9  10275.3 2001  4 17 22 15 44.600 1.7   1
     2566  30.001661  101.774223    10.900  -146657.5   -32131.7    12671.9  11492.2   4038.5  23206.1 2001  4 18  8 36 37.300 2.5   1
     2601  30.666862  102.774406    15.045   -50150.3    40812.6    15373.7   6091.5   6421.6  29904.0 2001  4 19 18 50 12.000 1.7   1
     2632  31.583303  103.266998    -0.000    -3126.4   142685.0     1598.8      0.0      0.0      0.0 2001  4 21  2 38 56.800 2.0   1
     2704  29.484735  101.059967     2.924  -216666.4   -88471.5     7225.7   7417.6   6536.1  20829.8 2001  4 23 11 26  5.900 2.9   1
     2759  29.723799  102.941650     0.031   -34604.0   -64014.7      446.4   3005.4   3719.6  15225.9 2001  4 25 11  1 18.900 2.2   1
     2838  30.716703  103.483002    -0.000    17493.7    46348.7      192.6      0.0      0.0      0.0 2001  4 28 15 16  3.300 3.0   1
     2999  31.469732  103.935753     7.747    60220.2   130069.1     9361.2   9806.0   7312.3   9234.8 2001  5  4 23 16 54.100 2.3   1
     3020  29.446335  101.070999     6.505  -215560.3   -92707.1    10832.6   4086.8   4609.9  12058.3 2001  5  5 13 27  0.200 2.5   1
     3132  29.089725  102.430161    19.448   -84259.8  -133833.2    21417.6   4297.3   6416.2   8014.6 2001  5  8 15 45 47.600 2.3   1
     3152  29.450960  100.989922     1.188  -223573.3   -92113.6     5779.5   4615.3   6053.8  16955.7 2001  5  9  7 19 17.200 2.8   1
     3263  29.945024  103.162430    -0.430   -13255.2   -39465.6     -293.7      0.0      0.0      0.0 2001  5 14  3 57 37.000 2.5   1
     3425  29.111237  102.392166    10.985   -88038.9  -131595.3    12956.3   5737.3   8314.0  13324.3 2001  5 19 17 57  9.600 2.0   1
     3431  29.521717  100.991890     4.881  -223097.4   -84204.8     9348.3   8054.2   5423.3  17934.8 2001  5 20  2 58  7.200 2.3   1
     3441  32.115925  101.553917     2.987  -164342.3   203056.4     8347.2   7808.1   8032.4  11577.6 2001  5 20 11 50 47.900 3.0   1
     3442  32.120598  101.541298    13.830  -165239.5   203247.1    19229.3   9548.4  12230.2  14323.5 2001  5 20 11 52 47.400 2.8   1
     3556  31.460100  102.135750    11.048  -110230.0   129329.5    13319.0   5290.2   4577.2  14745.4 2001  5 22 23 41 35.100 2.2   1
     3564  29.285505  103.012154     6.421   -27888.1  -112651.8     7479.3   2522.5   2895.6   5610.6 2001  5 23 11  1 11.800 2.0   1
     3591  31.044405  103.312012     2.985     1143.9    82732.7     3522.6   5637.2   6559.0  14872.4 2001  5 24  4 47 28.800 1.4   1
     3669  29.438644  102.880760     9.300   -40539.2   -95560.1    10147.3   5035.6   4852.8   7847.6 2001  5 27  0 35  0.100 2.8   1
     3705  30.685301  102.852379     6.417   -42760.6    42884.2     6705.5   3891.7   4339.8  21921.1 2001  5 28  8  0 35.800 2.8   1
     3742  29.440449  101.075317     5.929  -215174.2   -93377.5    10252.0   6685.8   6918.7  12412.5 2001  5 29 21 25 58.700 2.4   1
     3783  31.750006  103.266998    -0.000    -3120.8   161216.0     2040.8      0.0      0.0      0.0 2001  5 31  3 51 33.500 1.8   1
     3869  29.433300  101.050003     0.000  -217840.3   -94210.6     4422.4      0.0      0.0      0.0 2001  6  3  0 44 53.300 3.1   1
     3915  29.804462  102.373894    11.030   -89198.5   -54641.4    11890.2   8641.2   6818.1  17266.6 2001  6  4 15 27 31.100 2.1   1
     3918  31.053274  103.971260    19.913    63741.9    83684.1    20784.4   8971.7  12177.2  11346.9 2001  6  4 17 57 30.000 2.0   1
     3931  29.793661  102.384132     9.012   -88249.4   -55866.3     9869.3   4964.6   3576.2  13351.4 2001  6  5  2 34 25.400 2.1   1
     3967  30.402992  102.466454     9.437   -79819.6    11728.2     9948.6   7375.4   7473.7  15910.1 2001  6  6 11 52  8.900 2.2   1
     4050  29.086279  102.470184    10.974   -80492.7  -134422.9    12903.7   3841.6   3320.4   8749.0 2001  6  9  6  9 21.100 2.2   1
     4100  31.509907  102.440552     5.988   -81395.2   134706.7     7934.2   3237.8   3284.1  13964.1 2001  6 11 10 55  8.500 2.4   1
     4128  31.237221  103.362000     2.995     5891.5   104162.1     3850.1   6503.6   3004.0  14140.9 2001  6 13  6 34 37.100 2.0   1
     4177  30.716553  101.701241     4.054  -152716.4    47363.6     6061.8   3491.5   3050.7  10910.4 2001  6 14 22 48  5.800 1.8   1
     4211  30.665405  103.074844     7.004   -21511.3    40607.3     7169.4   7256.8   6453.2  12838.6 2001  6 16  7 41 57.300 1.8   1
     4260  31.409418  103.193245     5.947   -10121.6   123243.1     7148.5   5971.9   6432.8  16069.0 2001  6 18  5 49 11.900 1.9   1
     4290  30.146040  102.507286     9.018   -76113.0   -16829.8     9495.2   5561.6   5098.4  11668.7 2001  6 20  5 19 58.400 2.1   1
     4359  29.780062  102.336067    19.946   -92733.3   -57239.2    20880.7   8916.1   6672.1  10932.6 2001  6 23 10 16 13.200 1.7   1
     4417  31.420469  103.788010    10.943    46227.0   124467.6    12328.9   7380.9   8038.9  11232.3 2001  6 25  6 31 37.100 2.5   1
     4668  28.797079  102.651001    16.028   -63080.3  -166497.5    18522.6   3890.8   6976.7  10060.2 2001  7  6 21 27 11.500 2.1   1
     4684  29.461769  101.062119     3.976  -216472.0   -91012.6     8308.1   5354.1   6138.0  20589.3 2001  7  7 15 48 47.700 3.0   1
     4738  29.860481  101.278732     6.032  -194691.3   -47093.0     9184.7   5566.0   2455.4  16531.6 2001  7  9  1 56 10.300 2.7   1
     4799  30.522650  103.228477     8.995    -6841.4    24724.3     9046.2   7196.2   5749.6  13336.6 2001  7 12  1  8 15.800 2.4   1
     4821  30.012995  102.342537     3.058   -92140.5   -31509.6     3802.2   5663.6   6165.1  10927.1 2001  7 12 21 54 38.800 3.2   1
     4827  31.869051  103.956688     6.310    61950.2   174454.6     9003.4   6398.4   9847.3  14234.2 2001  7 12 23 49 25.500 1.9   1
     4877  30.454561  101.584251    -0.514  -164449.0    18429.7     1635.5   6968.8   6481.1  15518.2 2001  7 14 18 34 30.600 2.2   1
     4889  31.670523  102.758408     5.898   -51206.2   152361.4     7927.6   5801.2   6512.8  29546.3 2001  7 15 11  5 25.300 1.8   1
     4914  31.614090  104.060402     8.014    71911.8   146164.0    10099.3   6571.9  12076.0  16810.7 2001  7 16  2  4 47.800 2.1   1
     4934  31.119305  103.125755     2.507   -16580.6    91076.0     3180.2   3844.1   5176.3  14424.0 2001  7 16 18  5 15.900 2.1   1
     4978  31.515808  103.978539     6.508    64253.6   135235.1     8269.5  10157.6   6117.8   8659.5 2001  7 18 20 11  7.200 3.1   1
     4991  29.420053  101.075935     8.038  -215086.7   -95612.1    12393.4   5607.6   9271.8  16628.2 2001  7 19 10 49 23.900 2.7   1
     5025  31.703989  103.190552    10.896   -10336.0   155838.4    12814.2   7622.5   8274.8  24035.7 2001  7 20  9 47 22.500 1.9   1
     5157  29.785379  102.301430     5.036   -96285.8   -56754.0     6017.6  12046.6   5711.0  11582.0 2001  7 25 15 29 31.000 1.8   1
     5191  29.433300  101.067001     0.000  -216195.4   -94243.1     4366.8      0.0      0.0      0.0 2001  7 26 18 21 33.900 3.2   1
     5255  31.936104  103.390640     4.215     8547.1   181784.5     6816.1  11433.0   9770.6  33960.0 2001  7 29  8 24  3.100 2.5   1
     5257  31.251640  103.284904     1.936    -1434.3   105780.4     2814.4   3853.7   4702.8  10162.6 2001  7 29  9 22 10.900 3.1   1
     5291  29.118839  103.546410     2.973    23924.7  -131242.8     4371.0   5514.1   5462.0   8485.8 2001  7 31  3 47 25.300 2.6   1
     5299  30.016701  103.083000    -0.000   -20893.3   -31481.3      112.0      0.0      0.0      0.0 2001  7 31 11 18  9.900 2.2   1
     5332  31.503729  103.057503     5.903   -22969.0   133738.9     7349.4   8497.2  11727.5  19480.4 2001  8  2 16 47 25.300 1.9   1
     5388  29.449026  101.037148     2.991  -218947.2   -92394.3     7426.9   6014.9   5508.5  20182.7 2001  8  5 13 59 22.700 3.0   1
     5394  30.618082  102.841309    13.049   -43803.1    35384.6    13298.4   5812.4   6969.5  20071.9 2001  8  5 20 34 43.200 1.8   1
     5420  29.968525  101.773460    13.931  -146710.0   -35791.8    15725.0  10711.0   8684.8  22700.0 2001  8  7  6 37  3.200 2.4   1
     5605  28.453699  103.408073    16.951    10537.4  -204712.5    20258.8   9892.5   5247.9  15490.4 2001  8 13 13 52  5.400 2.3   1
     5614  30.455933  101.758629     9.918  -147495.8    18312.8    11654.4  13741.5   6735.1  19310.9 2001  8 14  2 48 42.900 2.3   1
     5655  31.619740  103.085991    11.889   -20225.9   146480.2    13608.7   5092.2   7688.5  16089.0 2001  8 15 14 57  3.800 1.8   1
     5748  31.239994  103.313049    14.959     1237.8   104272.3    15814.5   8542.1   4580.1  17362.0 2001  8 19 10 47  5.400 2.3   1
     5749  31.250004  103.333000     0.000     3136.8   105630.9      876.5      0.0      0.0      0.0 2001  8 19 11  5 20.900 1.7   1
     5754  31.620548  103.085365     6.913   -20301.5   146684.8     8636.5   4725.1   6734.1  12433.5 2001  8 19 22 42 59.300 1.7   1
     5890  31.551579  102.417175     5.977   -83571.4   139352.0     8051.4   3473.8   3691.9  11379.5 2001  8 25  3 13 21.400 2.3   1
     5900  29.453709  101.094276     5.096  -213341.4   -91952.7     9336.1   5840.7   8732.9  15863.9 2001  8 25 10  7  5.300 2.5   1
     6000  30.472910  101.618690    -0.751  -161124.8    20421.6     1319.0      0.0      0.0      0.0 2001  8 30 16 39  8.100 2.6   1
     6022  30.459782  101.609703     4.555  -161873.0    18958.9     6641.1   4185.6   3852.9   8484.7 2001  9  1  0 33 19.500 2.2   1
     6026  29.901302  102.774643     8.009   -50576.4   -44160.3     8363.4   5772.4   4884.0  10475.6 2001  9  1  3 56 18.900 2.2   1
     6037  31.786064  103.803223     7.907    47503.5   165124.2    10227.7   7519.7  10971.9  11591.9 2001  9  2  1  5 41.100 2.1   1
     6038  31.559843  104.409920     7.099   105039.6   140433.9     9515.5  10566.5  12601.2  34464.0 2001  9  2  2 30 42.500 2.4   1
     6087  31.217407  103.491409    10.935    18171.0   101846.5    11776.5   7638.7   5771.8  16359.6 2001  9  3  7 33 11.500 2.0   1
     6154  30.454479  101.587013     1.410  -164134.7    18411.3     3552.1   2457.0   4537.4  11403.7 2001  9  7  0 53 40.000 2.6   1
     6192  30.426105  101.678490     2.953  -155379.7    15125.1     4866.4   9398.1   8694.4  22664.3 2001  9  8  3 38 44.000 2.0   1
     6193  30.418848  101.623123     5.891  -160622.2    14388.9     7933.9  11039.9   9395.3  23951.0 2001  9  8  4 32 55.300 2.1   1
     6214  30.442366  101.623817     7.901  -160466.1    16994.7     9947.1   7896.0   6318.6  15388.1 2001  9  9  3 43 48.900 2.3   1
     6261  30.616703  103.083000    -0.000   -20765.8    35235.1      131.3      0.0      0.0      0.0 2001  9 10 16 40 46.200 2.2   1
     6307  31.670605  103.089951     6.911   -19856.5   152242.4     8763.4   5514.2   6643.0  12000.0 2001  9 12 14 10 56.100 1.6   1
     6312  29.448715  101.056183     4.071  -217070.3   -92449.8     8444.2   5045.8   5618.7  19417.8 2001  9 12 16 38 27.100 3.2   1
     6526  31.552198  102.412315     1.576   -84089.9   139521.1     3659.3   8765.6   9347.5  19325.2 2001  9 18 22  0 39.700 2.0   1
     6696  28.814901  102.201607     9.850  -106841.0  -164344.8    12871.0   5159.3   5195.5   9910.3 2001  9 21 14 25 19.500 2.5   1
     6765  31.956522  102.013115     3.167  -121338.3   184766.8     7004.6   6013.6   8212.0   5034.5 2001  9 23  6 34 47.500 3.9   1
     6801  30.946205  103.347343    13.887     4504.9    71697.0    14292.6   5620.4   3838.5   9717.5 2001  9 24  8 18  0.500 3.2   1
     6877  29.900642  102.753525    10.003   -52593.3   -44209.9    10374.0   6019.5   4337.8  11671.6 2001  9 26  6 48 14.100 2.6   1
     6963  29.928158  101.986549     7.997  -126403.4   -40563.9     9382.2   5755.6   4480.9  10880.3 2001  9 28 22 37 47.000 2.1   1
     6964  29.927160  101.993828    16.936  -125528.0   -40625.6    18306.0   5060.6   2730.9   7136.6 2001  9 28 22 58 35.600 2.2   1
     6979  29.927471  102.008759    15.977  -124111.8   -40613.5    17319.1   3605.1   5202.4   8599.2 2001  9 29  8 33 36.800 2.2   1
     7013  29.925596  102.007454    17.073  -124217.6   -40813.0    18418.1   7625.3   7622.8  15642.2 2001  9 30  1 37 54.000 2.1   1
     7150  31.734554  102.780136     8.963   -49094.0   159386.1    11148.9   4932.4   6518.6  17499.6 2001 10  5 11 59  6.700 1.7   1
     7194  29.401554  102.003357     7.009  -125460.5   -99072.6     9017.0   7289.5   8955.4  25889.3 2001 10  9  0 51 37.100 2.5   1
     7195  29.401300  101.074631    -1.085  -215561.6   -97831.4     3313.2      0.0      0.0      0.0 2001 10  9  1 32 21.000 3.0   1
     7259  30.192680  102.519478     3.005   -74978.2   -11670.2     3457.2   3720.2   3639.6  14485.8 2001 10 12 21  5 18.600 2.8   1
     7278  30.135489  101.990898    17.800  -125528.3   -17518.3    19064.2   5700.0   5342.6   6507.7 2001 10 13 18 34 32.300 2.4   1
     7298  30.197208  102.517227    -0.252   -75229.3   -11171.2      202.4   3981.0   4147.9   4720.1 2001 10 14 15 41 23.200 2.9   1
     7299  30.157484  102.524834    10.380   -74403.6   -15567.2    10833.8   6755.8   4504.2  18692.6 2001 10 14 15 42 35.500 2.3   1
     7335  30.152765  102.925552     4.990   -35973.9   -16299.9     5112.8   5287.0   6367.1  13752.1 2001 10 15 19 45 11.900 2.5   1
     7355  29.006170  102.014900     7.928  -124806.9  -142969.7    10759.2   5968.4   8521.0  17671.1 2001 10 16 17  6 24.100 2.2   1
     7392  31.902990  102.950989     2.492   -32933.0   178201.8     5071.3   9311.4  12652.3  24265.6 2001 10 18 15 57 32.100 2.0   1
     7453  28.770441  102.243744     8.028  -102816.1  -169366.7    11113.4   7884.3   6616.5  12923.0 2001 10 20  7 37 11.300 2.4   1
     7551  29.517199  103.074501    -1.580   -21825.5   -87040.7     -948.4      0.0      0.0      0.0 2001 10 23 10 33 54.800 1.9   1
     7564  29.515289  103.142082    -2.324   -15286.7   -87274.3    -1707.9   4250.8   6058.7  17943.1 2001 10 23 18 31 58.500 2.0   1
     7576  29.483301  101.032990     0.000  -219377.8   -88619.9     4394.9      0.0      0.0      0.0 2001 10 24  9 19 51.100 2.6   1
     7631  29.669956  103.191566    11.068   -10458.4   -69929.8    11460.7   6661.5   3817.6  10795.5 2001 10 26  3 29 39.800 2.9   1
     7735  31.719515  101.284988     2.988  -190462.7   159442.4     7834.4   4466.7   5414.8  11141.8 2001 10 28 10 14 20.400 2.7   1
     7761  29.675711  103.203224     8.007    -9338.0   -69325.2     8391.6   4981.2   4107.7  15318.5 2001 10 28 21 48 23.200 3.1   1
     7835  31.500164  104.034203    14.073    69453.8   133371.9    15852.0   6631.8   6199.0  10635.1 2001 10 31  2 59 20.400 1.9   1
     7886  30.385798  102.336258    11.945   -92264.9     9913.6    12622.4   6820.4  10757.7  20048.0 2001 12  2  0  9 47.200 1.6   1
     7901  29.676432  102.062737    14.966  -119241.8   -68523.8    16453.6   8745.7   4714.1  15558.1 2001 12  2 15  0 16.000 2.3   1
     8016  29.666622  102.042023     6.027  -121420.5   -69688.0     7567.1   5288.7   4033.3  15596.0 2001 12  5  0 49 18.000 1.8   1
     8029  31.303720  103.415802    20.933    10965.8   111241.5    21917.3  12827.7  12889.8  10044.5 2001 12  5  8 27 28.600 1.3   1
     8135  29.350002  104.066994     0.000    74336.9  -105379.2     1305.3      0.0      0.0      0.0 2001 12  8  9  0 15.400 3.3   1
     8188  29.552109  102.023697     5.199  -123345.0   -82398.7     6927.2   3821.0   5384.2  14949.4 2001 12 10  2 31  6.400 2.7   1
     8280  28.207258  103.866219    -3.026    55509.1  -232622.5     1461.9   9008.1   6380.8   8207.8 2001 12 12  7 10 28.000 3.3   1
     8419  30.060347  103.143433     6.016   -15053.7   -26612.6     6089.2   5506.0   6505.5  27872.5 2001 12 14 23 49 49.200 2.0   1
     8481  31.782503  101.995453     3.012  -123238.7   165458.2     6355.2   8024.6   9030.6  15230.8 2001 12 16  2 48 19.100 2.3   1
     8493  31.731573  101.942757     5.024  -128246.3   159807.7     8322.2   5615.0   6797.7   8905.7 2001 12 16  8 35 37.100 2.4   1
     8607  31.267544  103.232559    -2.031    -6411.6   107616.7    -1119.5      0.0      0.0      0.0 2001 12 20  4 42 27.400 1.8   1
     8631  31.546329  102.415421     5.010   -83755.1   138791.4     7074.7   8443.5   4000.9  21646.6 2001 12 21  4 52 30.900 1.9   1
     8676  31.719286  103.183304     6.822   -11026.0   157637.8     8784.3   4939.5   8051.7  15747.2 2001 12 22 11 32  5.400 1.4   1
     8731  29.800932  102.314667     0.443   -95063.6   -55076.8     1390.9   5529.1   4395.6  12058.8 2001 12 23 17  1 11.500 1.7   1
     8788  29.516701  101.050003     0.000  -217661.2   -84939.6     4285.8      0.0      0.0      0.0 2001 12 25  7 48 41.200 2.5   1
     8849  30.234379  103.396851     8.839     9291.5    -7282.8     8849.7   7109.4   4448.3  21577.8 2001 12 27  4 47 37.600 2.0   1
     8863  30.485815  103.033241     7.976   -25529.5    20665.6     8060.9   4869.8   8676.8  10693.4 2001 12 27 18  1 39.300 3.0   1
