   620126  30.380095  103.089973     0.777   -20144.7     8923.4      815.3  12443.6  12700.9  25080.2 2001 12 27  9 19 52.800 0.0   1
   620149  30.090733  103.444374    22.170    13842.1   -23179.6    22227.1   8915.9   3963.3  11670.4 2002  7  3 23 48 54.500 0.0   1
   620163  30.070000  102.080002    -0.000  -117391.4   -24944.2     1130.5      0.0      0.0      0.0 2002  9 13  5 36 42.700 0.0   1
   620175  31.028528  103.447929     7.012    14079.3    80926.3     7542.4   3948.7   3967.2   8584.2 2002 11 16 16 17 59.200 0.0   1
   620203  31.217529  103.500969    -2.037    19117.5   102069.3    -1190.9      0.0      0.0      0.0 2003  5  5 18 59 58.200 0.0   1
   620267  30.290005  102.449989    -0.000   -81610.3     -806.3      522.8      0.0      0.0      0.0 2003 10 24 11 36 19.800 0.0   1
      137  29.134794  103.708572     9.448    39623.3  -129292.6    10885.5   1642.8   2285.3   2210.5 2001  1  7  7 49 58.600 2.9   1
      138  29.136211  103.709084     9.697    39671.2  -129130.3    11131.7   2509.3   1915.7   2418.4 2001  1  7  7 53 11.100 2.3   1
      153  31.549290  104.054321     6.878    71399.4   138990.5     8796.3   7081.7   6836.1  23269.0 2001  1  8  2  2 37.400 2.1   1
      191  29.383303  101.133003    -0.000  -209911.5   -99924.9     4243.1      0.0      0.0      0.0 2001  1  9 13  5  2.200 3.4   1
      293  29.916700  103.116989    -0.000   -17637.8   -42606.4      166.9      0.0      0.0      0.0 2001  1 12 15 53 18.400 2.4   1
      322  31.433863  102.502373    16.248   -75480.5   126014.8    17945.6   1872.0   1852.2   3052.0 2001  1 13 20 39 56.500 2.8   1
      354  31.145964  103.766251     9.234    44306.5    94017.9    10082.6   4304.5   2724.3   6650.4 2001  1 14 17 41 38.100 2.4   1
      356  31.173176  103.742477    10.465    42027.2    97010.8    11343.4   4519.4   3609.5   6875.1 2001  1 14 18 20 23.100 2.0   1
      374  31.771133  103.740540     4.634    41614.7   163525.9     6870.7   7067.3   8145.5  15621.6 2001  1 15  8 54  9.100 1.8   1
      381  31.175039  103.769783    13.197    44600.5    97186.5    14096.4   4960.2   3314.1   6516.4 2001  1 15 18 34 30.800 2.0   1
      401  31.550919  102.414932    14.082   -83678.3   139103.2    16155.5   4878.2   4527.7  10101.7 2001  1 17  5 21 39.100 1.9   1
      405  29.532225  100.949417     8.723  -227039.7   -82903.2    13316.2   6874.9   4139.5  14009.0 2001  1 17  9  7 19.400 2.6   1
      500  31.152145  103.770981    12.652    44729.1    94654.9    13514.2   5723.0   1627.9   2666.5 2001  1 21  8 16 31.600 2.8   1
      504  31.132217  103.833839    17.358    50671.7    92401.6    18232.3   8303.3   9187.6  10639.9 2001  1 21 13  8 44.500 2.9   1
      510  31.146820  103.783066     3.032    45948.8    94211.3     3894.4   3280.6   3467.6   7930.5 2001  1 21 14 25 45.400 2.1   1
      528  31.135588  103.854561     6.142    52729.8    92948.9     7039.4   5311.4   7790.5  12385.7 2001  1 22  3  3 47.600 2.5   1
      584  29.496216  100.966759     8.701  -225446.6   -86935.5    13290.7   5852.5   4407.6  17553.3 2001  1 25  0 31 21.400 3.1   1
      665  30.940077  103.134239    18.574   -15762.8    70975.4    18990.5   2811.2   2688.0   5372.8 2001  1 29  4 14 37.300 3.0   1
      699  30.425850  101.997986     2.925  -124770.7    14702.6     4164.5   2705.4   4422.2  11275.2 2001  1 31 17 23  9.600 2.2   1
      732  29.511339  103.210716     7.910    -8629.2   -87580.2     8518.9   1433.6   2331.2   6071.6 2001  2  2 14 42 34.500 2.6   1
      821  30.618645  103.051781    11.845   -23708.8    35391.3    11987.3   7478.0   6124.9  21322.4 2001  2  9 11 33 16.600 2.1   1
      822  30.404011  102.650352     8.035   -62222.9    11728.5     8350.0   3963.6   4241.5  19714.6 2001  2  9 17 44 48.600 2.7   1
      854  29.666702  102.282990    -0.000   -98257.4   -69978.2     1142.1      0.0      0.0      0.0 2001  2 11  6 25 36.200 2.1   1
      895  29.492695  101.028740    10.335  -219412.7   -87425.2    14721.4   4636.4   3986.8  21532.1 2001  2 12 17 55  4.600 2.7   1
      899  29.488556  101.019859     3.459  -220517.0   -87962.5     7886.2   6090.5   4013.5  19716.9 2001  2 12 20 44 50.100 3.3   1
      911  29.491255  101.030006     6.304  -219432.1   -87643.0    10691.9   3845.7   3561.2  21226.2 2001  2 13  1  0  9.400 2.8   1
      924  29.492586  101.006454     7.440  -221664.6   -87434.0    11902.7   6643.3   6718.2  14065.0 2001  2 13 15 32 21.900 2.4   1
      951  29.493870  100.991425     5.070  -223197.5   -87294.5     9582.9   3600.8   2823.5  14812.6 2001  2 14 15 39 59.900 3.0   1
      970  29.513927  100.991623     7.535  -223047.3   -85034.1    12013.7   3204.1   4729.5  26028.7 2001  2 14 17 50 30.900 2.9   1
     1010  29.492668  100.987663     5.465  -223549.9   -87415.0     9991.9   3569.5   2882.5  13666.7 2001  2 15  9 15 58.700 2.7   1
     1035  29.490265  100.997246     5.726  -222619.5   -87697.4    10225.1   2989.1   4156.1  22905.0 2001  2 16  7  3 16.800 2.7   1
     1095  31.225815  103.426788    10.129    12036.8   102784.1    10971.0   5927.7   3882.8  13800.6 2001  2 17 17 43 43.500 2.2   1
     1171  29.491592  101.006775     7.238  -221643.8   -87547.5    11701.9   4410.6   2988.9  10155.1 2001  2 20  8 21 28.400 2.8   1
     1240  29.725779  102.638809     8.065   -63764.1   -63583.0     8702.0   7740.1   7885.9  13684.8 2001  2 22 19  5 56.500 1.8   1
     1247  29.468212  100.951134     5.391  -227136.6   -90059.9    10081.9   3615.3   3522.4  19746.7 2001  2 23  9 34 43.000 3.0   1
     1248  29.494164  101.020294     9.165  -220264.7   -87262.0    13578.6   5470.1   4296.5  13241.0 2001  2 23  9 39 38.000 2.7   1
     1250  29.486057  100.974648     6.838  -224773.2   -88104.7    11419.3   5035.8   4096.1  17544.6 2001  2 23 10 11 51.000 4.2   1
     1264  31.681721  103.795273     9.768    46792.5   153491.6    11792.6   4534.8   4449.2   6161.9 2001  2 23 18 15 11.400 1.9   1
     1277  31.624620  102.971924     2.877   -31048.8   147255.9     4655.1   2404.0   2220.0  11395.1 2001  2 24  0  8 36.000 2.0   1
     1281  29.434505  101.012383    -1.282  -221521.8   -94023.1     3263.3      0.0      0.0      0.0 2001  2 24  2 22 20.000 2.7   1
     1287  29.513603  100.959938     5.570  -226178.0   -85033.8    10158.4   4399.5   4110.6  24955.2 2001  2 25  6 28  9.300 2.0   1
     1311  29.501429  100.986969     2.384  -223705.1   -86482.6     6902.1   3859.8   2093.1  12486.1 2001  2 26  6  4 43.400 3.0   1
     1331  29.484951  101.002319     5.899  -222135.4   -88295.2    10389.2   3531.4   2933.1  15657.6 2001  2 27  2 46 21.800 2.2   1
     1352  29.480070  100.943016     4.107  -227940.1   -88744.4     8807.9   5242.4   3705.6  18091.3 2001  2 27 22 21 48.400 3.2   1
     1439  30.393250  102.645653     7.113   -62689.5    10537.6     7430.5   6268.6   4477.4  12316.1 2001  3  3 15 48  7.200 2.7   1
     1442  30.997257  103.346809    11.390     4453.6    77391.3    11862.5   5499.6   2728.4  10632.0 2001  3  3 17 38  4.500 2.1   1
     1446  29.058094  102.757446    17.954   -52586.1  -137568.1    19660.8   2044.1   3714.6   8476.8 2001  3  3 18 49 32.900 1.9   1
     1453  31.383303  101.166992     0.000  -202433.7   122351.8     4392.5      0.0      0.0      0.0 2001  3  3 23 40 12.500 2.1   1
     1530  29.949574  103.032288    25.224   -25690.3   -38781.0    25395.0   4088.3   2683.7   6941.3 2001  3  7  0  9 22.000 2.0   1
     1585  31.585896  102.462463     9.720   -79209.3   143046.8    11821.4   6024.8   2938.8  14044.7 2001  3  8 19 33 41.300 2.1   1
     1644  30.475084  103.301109     1.991      106.0    19462.0     2020.4   5093.3   4286.2  11329.1 2001  3 11 16 37 23.400 2.3   1
     1651  29.418036  101.029953    -2.866  -219911.7   -95912.3     1650.9      0.0      0.0      0.0 2001  3 11 22 32  4.200 3.5   1
     1684  30.466702  101.566994    -0.000  -166068.3    19803.4     2195.5      0.0      0.0      0.0 2001  3 13 18 37  8.400 2.0   1
     1723  29.322319  104.293709     4.106    96271.7  -108216.7     5753.5   6169.3   8513.1  13454.8 2001  3 15  8 17 45.300 2.6   1
     1910  31.628885  102.398888    10.952   -85165.8   147835.5    13240.8   2412.0   2988.0   6371.3 2001  3 24  2 29 21.700 2.0   1
     1932  29.489044  100.983803     2.838  -224022.8   -87846.1     7386.4   3932.6   2950.5  17611.4 2001  3 25  0 23 17.500 2.8   1
     1997  29.265593  101.854691     0.782  -140166.4  -114108.6     3346.9   4102.6   3607.6   9562.7 2001  3 26 12 47 28.600 2.9   1
     2135  29.535425  100.975853    10.785  -224408.2   -82574.0    15281.0   9908.2   7151.0  27834.5 2001  3 30 10 28 13.200 2.7   1
     2138  29.532246  100.942963     9.625  -227630.5   -82876.4    14239.2   8582.7   6197.3  18554.0 2001  3 30 15 38 13.900 2.8   1
     2165  29.560625  103.308556    13.462      825.9   -82038.7    13990.9   2791.2   3469.5   6413.8 2001  3 31 23 22 22.200 1.9   1
     2244  31.664804  103.940552    10.155    60524.7   151673.7    12251.6   7159.7   6023.9   5500.1 2001  4  4  4 20 10.900 2.2   1
     2248  29.482044  101.014313     7.986  -220910.1   -88612.2    12439.3   5345.6   4682.5  12529.4 2001  4  4  9 20 16.800 2.9   1
     2257  29.500362  101.029633    -1.952  -219733.0   -86743.2     2428.0      0.0      0.0      0.0 2001  4  4 18 55 26.900 3.4   1
     2286  29.483301  101.082993    -0.000  -214541.4   -88715.4     4231.4      0.0      0.0      0.0 2001  4  6 13  2  7.800 3.4   1
     2301  30.473761  101.609474     4.698  -161868.1    20511.6     6789.6   5874.7   5412.7  15570.7 2001  4  7  0 37 51.400 2.3   1
     2323  29.703102  102.595070     8.380   -67993.8   -66072.3     9086.9   3435.8   3654.7   8941.5 2001  4  7 20 34 24.800 2.0   1
     2329  29.484394  101.029106    -0.500  -219768.6   -88497.9     3905.9      0.0      0.0      0.0 2001  4  7 22 36 39.000 2.5   1
     2330  29.527393  100.991852     8.591  -222958.3   -83525.7    13047.4   6846.5   5349.8  15561.6 2001  4  7 23 46 29.000 2.7   1
     2336  29.526659  101.027321     8.419  -219541.5   -83678.4    12758.8   6666.2   3918.5  13788.5 2001  4  8  2 22 17.100 2.8   1
     2339  32.224384  103.511009     7.709    19825.0   213700.7    11329.8   9212.6   7706.9  24524.5 2001  4  8  6 23  0.400 2.0   1
     2367  29.700003  102.083000    -0.000  -117538.3   -66085.8     1427.1      0.0      0.0      0.0 2001  4  9  1 56 51.300 1.9   1
     2381  29.460707  103.438850    15.390    13410.8   -93088.1    16086.3   4420.6   4749.2   7934.2 2001  4  9 14 35 11.900 2.1   1
     2403  30.899052  103.132637    20.915   -15916.5    66403.2    21282.4   6165.6   5281.5  10883.0 2001  4 10 19 29 52.800 2.8   1
     2432  31.160467  103.696831     0.145    37758.0    95739.3      976.0   4572.4   3453.4   9690.4 2001  4 11 17 16 58.500 2.0   1
     2434  31.416573  103.850563    18.784    52089.9   123909.2    20206.0   4914.6   3463.9   5178.3 2001  4 11 18 30 18.600 1.9   1
     2491  30.055422  102.838264     7.313   -44387.3   -27074.3     7525.3   2368.4   1615.7   5068.6 2001  4 14 11 29 43.400 2.1   1
     2562  30.616528  102.411766    15.994   -84781.2    35439.1    16658.8   3817.6   3595.5   8394.3 2001  4 17 22 15 44.600 1.7   1
     2566  29.995014  101.711174    13.754  -152657.5   -32771.7    15671.9   9779.6   3003.1  17257.8 2001  4 18  8 36 37.300 2.5   1
     2601  30.659081  102.821373    18.084   -45650.6    39910.1    18373.7   7371.1   8626.6  11542.5 2001  4 19 18 50 12.000 1.7   1
     2632  31.583303  103.266998    -0.000    -3126.4   142685.0     1598.8      0.0      0.0      0.0 2001  4 21  2 38 56.800 2.0   1
     2759  29.722128  102.940781    -0.895   -34693.0   -64209.4     -477.5      0.0      0.0      0.0 2001  4 25 11  1 18.900 2.2   1
     2838  30.716703  103.483002    -0.000    17493.7    46348.7      192.6      0.0      0.0      0.0 2001  4 28 15 16  3.300 3.0   1
     2999  31.504166  103.911057    10.690    57832.9   133817.9    12361.2   6776.0   4153.9   8357.9 2001  5  4 23 16 54.100 2.3   1
     3020  29.449509  101.067802     3.710  -215956.9   -92389.2     8044.4   2495.4   2250.2   6413.8 2001  5  5 13 27  0.200 2.5   1
     3132  29.093895  102.428665    19.004   -84406.8  -133379.2    20965.6   1507.4   1796.3   2508.3 2001  5  8 15 45 47.600 2.3   1
     3152  29.481590  100.974670     7.401  -224761.0   -88593.0    11988.1   3241.8   4094.7  23196.0 2001  5  9  7 19 17.200 2.8   1
     3263  29.945024  103.162430    -0.430   -13255.2   -39465.6     -293.7      0.0      0.0      0.0 2001  5 14  3 57 37.000 2.5   1
     3425  29.122168  102.391350    20.012   -87983.9  -130196.3    21956.3   3787.2   6691.4   8891.9 2001  5 19 17 57  9.600 2.0   1
     3431  29.518278  100.965988     5.627  -225581.0   -84525.8    10187.1   4169.5   5496.4  31938.1 2001  5 20  2 58  7.200 2.3   1
     3441  32.130177  101.501907     7.963  -169077.3   204555.9    13499.6   4757.9   6159.2   6095.6 2001  5 20 11 50 47.900 3.0   1
     3442  32.162548  101.517723    17.367  -167283.0   207817.5    22970.6   9222.2  10002.3  21007.9 2001  5 20 11 52 47.400 2.8   1
     3556  31.454521  102.134918    14.061  -110262.2   128650.3    16319.0   3554.7   3101.8   8036.5 2001  5 22 23 41 35.100 2.2   1
     3564  29.276302  103.014198     5.469   -27696.7  -113691.5     6544.3   1815.4   1983.6   2656.0 2001  5 23 11  1 11.800 2.0   1
     3591  31.056211  103.276237     8.582    -2260.2    83971.0     9136.5   2948.6   3385.0   6388.6 2001  5 24  4 47 28.800 1.4   1
     3669  29.443102  102.875290     6.304   -41084.8   -95108.1     7147.3   3133.4   3102.1   8497.8 2001  5 27  0 35  0.100 2.8   1
     3705  30.704409  102.859238     9.481   -42076.2    44982.2     9779.1   2671.5   2803.2  12148.9 2001  5 28  8  0 35.800 2.8   1
     3783  31.750006  103.266998    -0.000    -3120.8   161216.0     2040.8      0.0      0.0      0.0 2001  5 31  3 51 33.500 1.8   1
     3869  29.433300  101.050003     0.000  -217840.3   -94210.6     4422.4      0.0      0.0      0.0 2001  6  3  0 44 53.300 3.1   1
     3915  29.791786  102.421234     9.893   -84665.1   -56094.9    10704.3   6074.9   5059.4  14377.7 2001  6  4 15 27 31.100 2.1   1
     3918  31.107143  104.008080    19.350    67206.3    89684.1    20338.6   5052.8   9694.2   6655.8 2001  6  4 17 57 30.000 2.0   1
     3931  29.784931  102.395912     6.018   -87163.4   -56871.1     6869.3   5420.2   5492.1  10522.5 2001  6  5  2 34 25.400 2.1   1
     3967  30.429476  102.474152     6.440   -79098.3    14669.9     6948.6   5848.9   3525.7   8347.5 2001  6  6 11 52  8.900 2.2   1
     4050  29.088963  102.470451    14.104   -80425.4  -134059.5    16026.2   1794.4   2128.6   3099.6 2001  6  9  6  9 21.100 2.2   1
     4100  31.519140  102.447708    12.337   -80628.8   135592.0    14293.8   2396.9   2516.5   5565.5 2001  6 11 10 55  8.500 2.4   1
     4128  31.236897  103.345642    11.999     4331.3   103977.9    12850.1   6631.8   4680.2  15258.9 2001  6 13  6 34 37.100 2.0   1
     4177  30.714476  101.698746     2.860  -152986.5    47145.2     4872.2   3049.8   2851.4   8768.8 2001  6 14 22 48  5.800 1.8   1
     4211  30.660490  103.086662    10.011   -20373.9    40040.3    10169.4   7799.6   6708.0  23129.6 2001  6 16  7 41 57.300 1.8   1
     4260  31.420305  103.197205    14.926    -9731.6   124276.4    16148.5   3275.8   3090.1   9299.4 2001  6 18  5 49 11.900 1.9   1
     4290  30.151594  102.510017     6.022   -75882.5   -16222.7     6495.2   5351.8   4123.9  12528.4 2001  6 20  5 19 58.400 2.1   1
     4359  29.757318  102.384117    21.867   -88104.7   -59780.3    22759.6   4871.6   2279.3   4325.6 2001  6 23 10 16 13.200 1.7   1
     4417  31.458895  103.773331    12.509    44807.5   128694.7    13969.3   3567.3   2531.5   2772.4 2001  6 25  6 31 37.100 2.5   1
     4668  28.775072  102.650246    15.176   -63175.9  -168959.7    17735.8   1517.5   3504.8   2759.5 2001  7  6 21 27 11.500 2.1   1
     4738  29.858797  101.280067     6.653  -194547.3   -47277.6     9802.7   2846.5   1393.5  12999.1 2001  7  9  1 56 10.300 2.7   1
     4799  30.531160  103.218475     5.990    -7800.7    25682.1     6046.2   6947.1   6582.4  12754.1 2001  7 12  1  8 15.800 2.4   1
     4821  30.027290  102.348793     0.074   -91568.4   -29940.0      802.2   3290.5   3486.2   9809.0 2001  7 12 21 54 38.800 3.2   1
     4827  31.871901  103.949425     9.310    61234.9   174684.6    12003.4   7561.7   7998.6  14581.2 2001  7 12 23 49 25.500 1.9   1
     4877  30.454561  101.584251    -0.514  -164449.0    18429.7     1635.5      0.0      0.0      0.0 2001  7 14 18 34 30.600 2.2   1
     4889  31.669970  102.765945     8.906   -50469.5   152224.5    10927.6   3504.9   4438.8  13614.6 2001  7 15 11  5 25.300 1.8   1
     4914  31.595797  104.030128     5.807    69086.9   144164.0     7815.0   8590.1   6485.5   8084.9 2001  7 16  2  4 47.800 2.1   1
     4934  31.123489  103.141342    11.505   -15075.5    91409.5    12180.2   3687.4   4253.1  12593.8 2001  7 16 18  5 15.900 2.1   1
     4978  31.521364  103.950485     9.522    61564.2   135772.3    11269.5   5359.1   7139.7  19730.1 2001  7 18 20 11  7.200 3.1   1
     5025  31.710054  103.158264    12.806   -13380.6   156467.9    14745.3   2257.5   2741.3   6858.1 2001  7 20  9 47 22.500 1.9   1
     5157  29.781599  102.325768     8.068   -93898.3   -57167.0     9017.6   9968.5   6766.8  21149.5 2001  7 25 15 29 31.000 1.8   1
     5191  29.433300  101.067001     0.000  -216195.4   -94243.1     4366.8      0.0      0.0      0.0 2001  7 26 18 21 33.900 3.2   1
     5255  31.988945  103.334198    -0.313     3225.4   187784.5     2456.0   6611.2   6547.1  11865.1 2001  7 29  8 24  3.100 2.5   1
     5257  31.257576  103.286140    -1.076    -1317.7   106490.1     -185.6      0.0      0.0      0.0 2001  7 29  9 22 10.900 3.1   1
     5299  30.016701  103.083000    -0.000   -20893.3   -31481.3      112.0      0.0      0.0      0.0 2001  7 31 11 18  9.900 2.2   1
     5332  31.558739  103.000725    11.471   -28305.2   139738.9    13069.9   5187.7   6249.0  17945.9 2001  8  2 16 47 25.300 1.9   1
     5388  29.476679  101.052078    -1.751  -217606.1   -89417.5     2592.8      0.0      0.0      0.0 2001  8  5 13 59 22.700 3.0   1
     5394  30.603899  102.864021    10.072   -41659.1    33818.3    10298.4   2962.6   4255.7  10144.5 2001  8  5 20 34 43.200 1.8   1
     5420  29.992126  101.709831    17.133  -152710.0   -33072.8    19054.9   7976.6   4169.2  16610.7 2001  8  7  6 37  3.200 2.4   1
     5605  28.469706  103.459816    20.546    15571.0  -202817.7    23804.4  11814.9   9010.3  14213.2 2001  8 13 13 52  5.400 2.3   1
     5614  30.460266  101.696632     6.775  -153495.8    18885.3     8654.4  10641.3   8134.5  13949.6 2001  8 14  2 48 42.900 2.3   1
     5655  31.645990  103.089233    11.714   -19914.4   149396.4    13500.4   1968.4   2601.9   6565.3 2001  8 15 14 57  3.800 1.8   1
     5748  31.267828  103.312553    12.254     1190.8   107405.0    13161.5   5294.0   5645.2   9372.8 2001  8 19 10 47  5.400 2.3   1
     5749  31.250004  103.333000     0.000     3136.8   105630.9      876.5      0.0      0.0      0.0 2001  8 19 11  5 20.900 1.7   1
     5754  31.657551  103.087204     8.918   -20112.5   150745.8    10735.9   2032.9   3904.9   7155.2 2001  8 19 22 42 59.300 1.7   1
     5890  31.553490  102.414986     8.336   -83746.5   139514.2    10417.3   1445.7   1334.1   3433.8 2001  8 25  3 13 21.400 2.3   1
     6000  30.472910  101.618690    -0.751  -161124.8    20421.6     1319.0      0.0      0.0      0.0 2001  8 30 16 39  8.100 2.6   1
     6022  30.459280  101.606239     5.485  -162181.7    18905.2     7579.3   2920.4   2477.8   7548.6 2001  9  1  0 33 19.500 2.2   1
     6026  29.900423  102.776527    11.010   -50371.3   -44237.7    11363.4   2607.2   3338.8  16298.3 2001  9  1  3 56 18.900 2.2   1
     6037  31.803823  103.803871     8.082    47554.9   167091.5    10454.4   1922.5   2714.6   3226.3 2001  9  2  1  5 41.100 2.1   1
     6038  31.569998  104.404480    16.086   104365.9   141356.5    18515.5   5582.6   7020.1  17729.5 2001  9  2  2 30 42.500 2.4   1
     6087  31.224211  103.490662    14.949    18087.5   102536.9    15801.7   1582.6   1342.2   2517.0 2001  9  3  7 33 11.500 2.0   1
     6192  30.412535  101.619087     4.121  -161063.4    13697.1     6173.3   5374.3   5982.3  16701.2 2001  9  8  3 38 44.000 2.0   1
     6214  30.443844  101.599525    10.842  -162712.7    17185.4    12947.1   4586.8   4644.9  13681.5 2001  9  9  3 43 48.900 2.3   1
     6261  30.616703  103.083000    -0.000   -20765.8    35235.1      131.3      0.0      0.0      0.0 2001  9 10 16 40 46.200 2.2   1
     6307  31.696012  103.091591     9.499   -19688.2   155000.5    11418.0   1936.6   3907.7   7825.6 2001  9 12 14 10 56.100 1.6   1
     6312  29.453104  101.049156    -1.949  -217946.6   -92035.9     2444.2      0.0      0.0      0.0 2001  9 12 16 38 27.100 3.2   1
     6526  31.606693  102.415550     3.929   -83702.8   145521.1     6142.5   6442.0   6667.1  13758.2 2001  9 18 22  0 39.700 2.0   1
     6696  28.808619  102.198128    12.828  -107135.7  -164961.8    15871.0   3656.9   4129.6   9873.2 2001  9 21 14 25 19.500 2.5   1
     6765  31.935974  102.003250     2.298  -122312.7   182519.8     6089.6   5824.3   7365.3   7660.7 2001  9 23  6 34 47.500 3.9   1
     6801  30.945320  103.369881    15.247     6648.6    71584.7    15653.9   7021.0   6485.6   9262.3 2001  9 24  8 18  0.500 3.2   1
     6877  29.900175  102.752480     1.871   -52761.7   -44317.9     2243.7   2659.8   1743.2   6097.9 2001  9 26  6 48 14.100 2.6   1
     6963  29.929173  101.985458    11.546  -126436.7   -40427.6    12931.7   4339.5   2849.1   5873.7 2001  9 28 22 37 47.000 2.1   1
     6964  29.912989  102.002098    16.974  -124749.9   -42206.2    18339.1   4489.9   4707.4   5925.9 2001  9 28 22 58 35.600 2.2   1
     6979  29.928833  102.003555    17.934  -124571.8   -40444.4    19284.4   5665.9   3906.7   9524.9 2001  9 29  8 33 36.800 2.2   1
     7013  29.921375  102.021820    20.341  -122779.6   -41275.4    21662.4   4036.7   4345.4   6682.0 2001  9 30  1 37 54.000 2.1   1
     7150  31.724836  102.794197     5.701   -47795.5   158382.6     7851.7   2190.2   2876.7   9227.4 2001 10  5 11 59  6.700 1.7   1
     7195  29.401300  101.074631    -1.085  -215561.6   -97831.4     3313.2      0.0      0.0      0.0 2001 10  9  1 32 21.000 3.0   1
     7259  30.201916  102.526573     6.391   -74250.7   -10643.0     6832.6   4489.6   4154.2  15517.6 2001 10 12 21  5 18.600 2.8   1
     7278  30.147602  101.990364    16.699  -125585.8   -16177.3    17961.1   3672.6   2067.9   4738.1 2001 10 13 18 34 32.300 2.4   1
     7298  30.197208  102.517227    -0.252   -75229.3   -11171.2      202.4      0.0      0.0      0.0 2001 10 14 15 41 23.200 2.9   1
     7299  30.148291  102.582458     7.439   -68912.1   -16631.9     7833.8   8495.1   3815.3   8967.9 2001 10 14 15 42 35.500 2.3   1
     7335  30.170971  102.920303     1.992   -36488.9   -14282.2     2112.8   4459.2   1488.8   9436.3 2001 10 15 19 45 11.900 2.5   1
     7355  29.019226  102.021957     5.982  -124143.5  -141571.5     8767.4   5699.2   6656.1   8294.3 2001 10 16 17  6 24.100 2.2   1
     7392  31.957857  102.945702     5.864   -33394.8   184201.8     8617.5   5856.1   9105.4  24761.7 2001 10 18 15 57 32.100 2.0   1
     7453  28.781441  102.243378    11.061  -102791.6  -168065.0    14113.4   5973.1   5161.5  18534.9 2001 10 20  7 37 11.300 2.4   1
     7551  29.517199  103.074501    -1.580   -21825.5   -87040.7     -948.4      0.0      0.0      0.0 2001 10 23 10 33 54.800 1.9   1
     7564  29.515289  103.142082    -2.324   -15286.7   -87274.3    -1707.9      0.0      0.0      0.0 2001 10 23 18 31 58.500 2.0   1
     7576  29.483301  101.032990     0.000  -219377.8   -88619.9     4394.9      0.0      0.0      0.0 2001 10 24  9 19 51.100 2.6   1
     7631  29.673176  103.164635     6.709   -13064.8   -69617.1     7103.5   2939.3   2850.4   5807.1 2001 10 26  3 29 39.800 2.9   1
     7735  31.710735  101.282013    -0.567  -190868.5   158560.4     4266.9      0.0      0.0      0.0 2001 10 28 10 14 20.400 2.7   1
     7761  29.677849  103.193008    -0.992   -10338.0   -69184.6     -608.4   2477.8   1681.6  10666.7 2001 10 28 21 48 23.200 3.1   1
     7835  31.503984  104.010826    15.534    67224.0   133750.9    17296.7   3955.6   4131.6   6861.1 2001 10 31  2 59 20.400 1.9   1
     7886  30.439793  102.326797    12.104   -93117.2    15913.6    12805.8   5060.5   7235.3  16363.3 2001 12  2  0  9 47.200 1.6   1
     7901  29.671476  102.046669    16.959  -120758.3   -69035.1    18482.1   2649.9   1543.2   3747.3 2001 12  2 15  0 16.000 2.3   1
     8016  29.662983  102.039383    10.259  -121598.7   -70042.6    11806.7   2568.9   1661.9   4659.8 2001 12  5  0 49 18.000 1.8   1
     8029  31.357542  103.413254    18.960    10721.4   117241.5    20051.6  12247.8  11464.6   9185.8 2001 12  5  8 27 28.600 1.3   1
     8135  29.350002  104.066994     0.000    74336.9  -105379.2     1305.3      0.0      0.0      0.0 2001 12  8  9  0 15.400 3.3   1
     8188  29.558357  102.025368     8.212  -123117.1   -81667.4     9927.2   3993.4   3549.1  13567.1 2001 12 10  2 31  6.400 2.7   1
     8280  28.207258  103.866219    -3.026    55509.1  -232622.5     1461.9      0.0      0.0      0.0 2001 12 12  7 10 28.000 3.3   1
     8419  30.065212  103.158043    15.021   -13628.7   -26037.1    15089.2   4872.9   5723.6  18321.7 2001 12 14 23 49 49.200 2.0   1
     8481  31.739586  101.955139     6.492  -127036.6   160646.5     9788.6   4734.0   4852.8  11325.1 2001 12 16  2 48 19.100 2.3   1
     8493  31.729050  101.953392     8.053  -127183.9   159439.8    11322.2   3290.7   4444.9   9363.5 2001 12 16  8 35 37.100 2.4   1
     8607  31.267544  103.232559    -2.031    -6411.6   107616.7    -1119.5      0.0      0.0      0.0 2001 12 20  4 42 27.400 1.8   1
     8631  31.546827  102.415260     3.243   -83793.8   138885.3     5309.0   3957.4   2719.6  12943.0 2001 12 21  4 52 30.900 1.9   1
     8676  31.746344  103.191223     5.654   -10276.8   160671.0     7690.0   3291.6   2294.1  11774.1 2001 12 22 11 32  5.400 1.4   1
     8731  29.799948  102.317680    -0.599   -94789.0   -55197.8      344.9      0.0      0.0      0.0 2001 12 23 17  1 11.500 1.7   1
     8788  29.516701  101.050003     0.000  -217661.2   -84939.6     4285.8      0.0      0.0      0.0 2001 12 25  7 48 41.200 2.5   1
     8849  30.246164  103.444031    17.832    13795.9    -5960.7    17849.7   6952.9   4293.9  15185.7 2001 12 27  4 47 37.600 2.0   1
     8863  30.526657  103.010117     0.671   -27762.7    25235.5      781.6   2894.8   3211.4  10694.9 2001 12 27 18  1 39.300 3.0   1
