   620126  30.367298  103.083534    31.154   -20665.6     7466.0    31192.6   3648.2   2485.5   4101.4 2001 12 27  9 19 52.800 0.0   1
   620149  30.094257  103.485519     2.290    17842.1   -22854.9     2356.0   7529.6   3633.8   5219.9 2002  7  3 23 48 54.500 0.0   1
   620163  30.181213  102.084549     5.792  -116715.7   -12572.2     6875.1   2428.0   2275.9   2821.7 2002  9 13  5 36 42.700 0.0   1
   620164  30.175629  102.108818     4.379  -114417.6   -13219.9     5420.6   2411.2   2399.4   2597.7 2002  9 16 19 55 52.600 0.0   1
   620175  31.075493  103.478142     8.644    16942.4    86124.0     9249.3   2676.0   1970.1   2196.5 2002 11 16 16 17 59.200 0.0   1
   620190  29.214905  102.202934     8.505  -106321.8  -119975.2    10524.7   1618.8   2154.3   3824.0 2003  2 10 14 25 47.000 0.0   1
   620199  29.290258  104.027016    -0.038    70503.8  -112047.4     1338.0   3743.6   3147.9   4102.9 2003  3 18  6 48 35.800 0.0   1
   620203  31.280815  103.601883    14.603    28621.7   108844.3    15598.9   2260.4   2111.0   2573.9 2003  5  5 18 59 58.200 0.0   1
   620209  29.061270  102.214836    -1.688  -105494.6  -137262.1      664.1   2757.0   2790.5   4128.0 2003  6  2  3 30  7.700 0.0   1
   620249  31.045805  103.374939    -0.210     7139.9    82932.3      334.0   2523.6   2171.7   1904.6 2003  9 15  9 18 59.300 0.0   1
   620252  29.175043  102.241585     7.090  -102639.3  -124463.8     9135.2   1721.3   2304.5   3870.9 2003  9 16 17  9 40.700 0.0   1
   620256  28.975145  102.207443     1.289  -106252.5  -146763.2     3866.7   2122.6   2711.0   2879.6 2003 10  9  9 41 24.000 0.0   1
   620279  29.131420  101.149559    -1.244  -208863.0  -127978.7     3466.2   2378.2   3010.9   2466.6 2003 11 19 12 40 33.100 0.0   1
   620286  29.341206  100.928139     2.083  -229765.1  -104173.6     7081.3   2371.9   2696.4   2505.2 2003 11 27 14 14 53.200 0.0   1
   620320  28.015474  103.375854     8.103     7437.3  -253634.9    13164.7   7913.6   3016.6   4368.5 2004  3  1 10 15 51.000 0.0   1
       12  29.459156  101.051376     4.609  -217493.9   -91273.3     8979.7   1730.3   1383.3   2890.9 2001  1  2  0  2 43.600 3.0   1
      115  29.465115  101.041985     4.146  -218405.3   -90599.9     8537.9   1349.4   1157.3   2025.0 2001  1  6  7 20 10.500 3.0   1
      133  31.701841  104.269714     4.884    91664.4   156133.6     7458.6   1860.9   2463.9   2988.7 2001  1  7  5 49  4.400 2.8   1
      137  29.114061  103.686989    10.232    37533.1  -131585.1    11704.1   1860.0   1586.1   2205.3 2001  1  7  7 49 58.600 2.9   1
      138  29.119204  103.697548    11.701    38546.2  -130980.5    13166.5   1802.7   1703.8   2009.7 2001  1  7  7 53 11.100 2.3   1
      153  31.476295  104.086594     8.584    74492.1   130870.3    10366.2   1610.0   1858.4   2689.6 2001  1  8  2  2 37.400 2.1   1
      191  29.470362  100.991585    14.357  -222907.3   -89774.9    18901.0   2899.3   1812.7   2165.3 2001  1  9 13  5  2.200 3.4   1
      293  29.960167  103.140114    -0.183   -15403.6   -37777.8      -52.0   1615.8   1099.0   1549.8 2001  1 12 15 53 18.400 2.4   1
      322  31.435061  102.487068    17.924   -76906.9   126124.6    19641.4   1490.7   1224.6   2363.3 2001  1 13 20 39 56.500 2.8   1
      354  31.127966  103.769356     7.316    44623.8    92048.4     8138.6   1460.6   1158.4   2079.0 2001  1 14 17 41 38.100 2.4   1
      356  31.156694  103.774773    -0.976    45183.6    95365.0     -102.2   1579.3   1327.1   1644.1 2001  1 14 18 20 23.100 2.0   1
      370  30.290127  103.089508     3.964   -20197.9    -1078.4     3996.0   1701.2   1216.0   2520.3 2001  1 15  5 21 35.300 2.9   1
      374  31.748636  103.808723     8.192    48040.8   160963.8    10409.8   1734.7   1734.6   2453.0 2001  1 15  8 54  9.100 1.8   1
      381  31.165367  103.764206    -2.411    44184.0    96347.3    -1529.7   1891.7   1204.1   1729.8 2001  1 15 18 34 30.800 2.0   1
      401  31.554136  102.417099    13.732   -83474.4   139466.0    15810.2   1942.5   1127.6   3144.1 2001  1 17  5 21 39.100 1.9   1
      405  29.471369  100.943863    10.039  -227665.6   -89629.2    14746.1   1697.4   1102.5   2276.5 2001  1 17  9  7 19.400 2.6   1
      443  29.455925  101.019958     1.736  -220637.9   -91612.9     6218.4    868.6   1081.8   1881.7 2001  1 18 18 32 40.400 2.6   1
      500  31.138741  103.823326    13.096    49703.6    93183.0    13973.6   1661.1   1189.7   1832.0 2001  1 21  8 16 31.600 2.8   1
      504  31.125006  103.815041    13.720    48918.6    91646.1    14569.0   1439.0   1403.5   1920.0 2001  1 21 13  8 44.500 2.9   1
      510  31.134554  103.763344    -2.598    44117.8    92922.3    -1768.3   1743.4   1270.5   1639.8 2001  1 21 14 25 45.400 2.1   1
      528  31.141886  103.791435     9.363    46700.8    93573.4    10222.2   1612.4   1129.1   2211.6 2001  1 22  3  3 47.600 2.5   1
      584  29.450735  100.973000    13.084  -224789.5   -91933.5    17724.6   1912.0   1298.2   2136.6 2001  1 25  0 31 21.400 3.1   1
      586  29.456789  101.068649    -2.657  -216076.1   -91673.7     1666.1   1386.2   1021.4   1262.5 2001  1 25  1 35 47.500 2.8   1
      593  30.024590  103.025902     4.177   -26370.7   -30572.3     4305.0   1660.3   1210.1   1575.5 2001  1 25  8 40 55.600 2.0   1
      595  30.935194  101.105644    -2.003  -209306.1    72673.4     1850.1   3282.7   2451.1   3069.5 2001  1 25  9 46 46.700 1.9   1
      607  28.931429  102.490623    22.223   -78489.1  -151353.3    24512.5   2650.9   2358.1   3192.3 2001  1 26  1 17 18.600 2.2   1
      665  30.942547  103.156334    18.357   -13661.7    71248.8    18771.6   1549.4   1401.9   1894.6 2001  1 29  4 14 37.300 3.0   1
      699  30.396969  102.002548     6.473  -124302.1    11481.2     7697.2   3089.7   2558.5   6416.5 2001  1 31 17 23  9.600 2.2   1
      732  29.504929  103.257965     7.171    -4063.1   -88305.0     7785.1   1313.4   1218.6   2579.5 2001  2  2 14 42 34.500 2.6   1
      753  30.019466  103.118111     3.027   -17503.5   -31164.8     3127.6   1761.6   1222.6   2277.9 2001  2  4  4 42  4.400 2.0   1
      821  30.622515  103.051666     2.963   -23750.8    35870.6     3108.6   1411.3   1820.3   2161.7 2001  2  9 11 33 16.600 2.1   1
      822  30.412046  102.680069     0.729   -59440.2    12619.6     1019.3   1696.1   1833.8   1977.9 2001  2  9 17 44 48.600 2.7   1
      854  29.645214  102.327148     8.214   -93890.6   -72311.3     9317.7   1774.4   1449.5   2156.2 2001  2 11  6 25 36.200 2.1   1
      895  29.457386  101.068390    12.481  -215586.2   -91389.0    16794.1   1768.1   1320.9   1915.5 2001  2 12 17 55  4.600 2.7   1
      899  29.449280  101.045670    10.678  -217859.2   -92271.3    15080.0   1159.5    841.9   2343.4 2001  2 12 20 44 50.100 3.3   1
      911  29.454149  101.071251    11.931  -215335.8   -91761.5    16240.8   1488.4   1214.0   1987.1 2001  2 13  1  0  9.400 2.8   1
      924  29.439400  101.025612    15.691  -219645.0   -93255.2    20172.8   1764.2   1487.9   2315.2 2001  2 13 15 32 21.900 2.4   1
      945  29.449184  101.035980     0.083  -219159.2   -92417.0     4524.2   1071.8    814.4   1521.3 2001  2 14 13  0 32.600 3.1   1
      946  29.475180  101.045898     1.518  -218094.7   -89526.4     5882.5   1002.2    971.5   1633.6 2001  2 14 15 27 28.200 0.0   1
      951  29.472246  101.030281    -0.249  -219672.7   -89847.0     4173.3   1101.6    841.9   1507.2 2001  2 14 15 39 59.900 3.0   1
      960  29.466743  101.018318     3.086  -220726.0   -90388.3     7554.2   1353.6   1094.7   2213.2 2001  2 14 16 24 47.900 3.3   1
      970  29.474890  101.019737    11.174  -220291.5   -89372.3    15619.0   1353.8    883.1   1907.0 2001  2 14 17 50 30.900 2.9   1
      976  29.463732  101.055489     1.576  -217189.9   -90816.1     5927.6   1253.7    972.9   1881.5 2001  2 14 18 34 57.000 2.6   1
     1010  29.462271  101.024445     5.047  -220075.2   -90869.0     9501.0    979.4   1002.0   2579.8 2001  2 15  9 15 58.700 2.7   1
     1034  29.463200  101.031052     8.070  -219330.9   -90735.7    12498.8   1449.9   1304.9   3359.3 2001  2 16  6 37 57.100 2.7   1
     1035  29.470440  101.035957     0.943  -219086.4   -90041.8     5348.0   1032.7    871.9   1279.3 2001  2 16  7  3 16.800 2.7   1
     1095  31.205997  103.438789     4.165    13191.2   100679.8     4974.9   1338.1   1096.7   1722.4 2001  2 17 17 43 43.500 2.2   1
     1153  29.463369  101.042885     6.158  -218253.1   -90766.7    10548.2   1198.1    963.0   2808.6 2001  2 19 13 16 49.100 2.6   1
     1155  29.466518  101.063782     3.392  -216320.2   -90496.2     7710.8   1086.6    775.5   2106.3 2001  2 19 13 37 16.200 2.5   1
     1171  29.470440  101.041412     2.172  -218516.7   -90035.2     6558.8   1170.5    831.9   1758.5 2001  2 20  8 21 28.400 2.8   1
     1240  29.724564  102.631294     9.389   -64476.2   -63700.6    10034.7   2072.3   1736.9   2164.9 2001  2 22 19  5 56.500 1.8   1
     1243  31.714737  102.382568     4.952   -86709.6   157523.2     7492.0   1491.6   1307.2   3256.2 2001  2 23  1 55 52.000 2.0   1
     1247  29.445974  100.985901    -1.706  -224075.0   -92702.2     2908.9   1394.1   1156.8   1553.5 2001  2 23  9 34 43.000 3.0   1
     1248  29.454590  101.019936    12.390  -220274.2   -91607.6    16867.1   1648.5   1015.8   2153.0 2001  2 23  9 39 38.000 2.7   1
     1250  29.453583  100.998421     9.028  -222471.4   -91725.8    13580.9   1558.5   1215.8   3822.6 2001  2 23 10 11 51.000 4.2   1
     1252  29.474606  101.028717    -1.977  -219878.6   -89606.1     2447.2   1581.1   1211.5   1757.1 2001  2 23 10 19 35.900 2.6   1
     1264  31.622414  103.861221     7.342    53077.4   146994.0     9260.9   1659.0   1525.4   2661.4 2001  2 23 18 15 11.400 1.9   1
     1277  31.596258  102.972122     7.841   -31015.3   143992.1     9545.7    946.3   1350.9   5135.9 2001  2 24  0  8 36.000 2.0   1
     1279  29.463783  101.013016    -2.422  -221436.8   -90785.2     2073.4   1455.9   1235.3   1670.5 2001  2 24  0 55 18.300 2.9   1
     1281  29.466171  101.010941     0.166  -221542.7   -90479.0     4661.9   1284.2   1025.6   1305.3 2001  2 24  2 22 20.000 2.7   1
     1285  29.466478  101.037514     1.964  -218909.5   -90470.7     6369.9   1048.1    868.1   1390.0 2001  2 25  2  5  9.100 2.6   1
     1287  29.481337  100.985695     2.901  -223854.9   -88705.3     7455.2    916.1    926.7   2356.4 2001  2 25  6 28  9.300 2.0   1
     1288  29.458828  101.002983    -3.962  -222472.4   -91338.6      575.5   1126.8    963.4   1534.9 2001  2 25  7 42 40.100 3.0   1
     1298  29.476688  101.079254     4.227  -214774.8   -89384.0     8478.7   1349.8    968.1   2493.3 2001  2 25 14 57 26.900 3.0   1
     1300  29.453705  101.037720     3.212  -218873.9   -91872.6     7638.0   1277.8   1209.9   3277.4 2001  2 25 16 47  4.200 2.7   1
     1311  29.477499  101.028999     3.709  -219648.8   -89205.1     8124.3   1190.1   1314.0   2587.2 2001  2 26  6  4 43.400 3.0   1
     1321  29.438898  101.007393    -3.737  -222080.9   -93560.8      819.7   1236.4   1138.8   1439.6 2001  2 26 12 18  1.600 2.8   1
     1331  29.461515  101.045822     4.031  -218046.0   -91008.8     8416.5   1064.7    929.6   2060.3 2001  2 27  2 46 21.800 2.2   1
     1352  29.458141  100.980125    -0.846  -224576.6   -91325.4     3767.3   1124.1   1309.0   1955.9 2001  2 27 22 21 48.400 3.2   1
     1388  29.455769  101.055016     1.502  -217255.7   -91701.2     5868.4   1218.7    930.1   1806.0 2001  3  1 13 19 54.500 3.5   1
     1424  29.463909  101.022308    -0.790  -220480.2   -90765.9     3672.6   1228.8   1047.1   1628.5 2001  3  3  0 16 59.600 2.9   1
     1439  30.388744  102.642830    24.829   -62787.8    10010.8    25147.7   1509.5   1468.0   2967.1 2001  3  3 15 48  7.200 2.7   1
     1442  30.982124  103.344048     4.915     4195.8    75789.0     5368.0   1309.1   1317.6   1805.8 2001  3  3 17 38  4.500 2.1   1
     1446  29.002367  102.785538     6.942   -49976.6  -144007.6     8768.2   1515.5   2677.5   3565.9 2001  3  3 18 49 32.900 1.9   1
     1453  31.415674  101.170311    -1.508  -202097.3   125973.8     2943.1   2576.4   3038.9   3443.0 2001  3  3 23 40 12.500 2.1   1
     1457  29.447954  100.979347     1.993  -224574.5   -92415.4     6624.2   1402.5   1244.0   2321.6 2001  3  4  2  7  1.000 2.6   1
     1487  28.981913  101.842354    20.309  -141318.3  -145177.4    23541.5   1905.9   2503.8   3316.9 2001  3  4 21 10 45.300 2.7   1
     1496  29.453367  101.089264     1.101  -213960.8   -92039.0     5361.2   1263.3    856.7   1598.6 2001  3  5 13 35  2.500 2.5   1
     1530  29.926716  103.040718    32.834   -24857.9   -41264.7    33016.9   2081.2   1475.7   2436.3 2001  3  7  0  9 22.000 2.0   1
     1550  27.698145  102.793472    11.074   -49781.8  -288599.8    17820.1   4837.4   4170.7   5017.5 2001  3  7 19 51 23.600 4.2   1
     1585  31.563080  102.447556     2.008   -80736.1   140695.1     4074.6   1429.7   1483.3   3002.7 2001  3  8 19 33 41.300 2.1   1
     1603  31.974106  103.675682     1.998    35424.7   186125.8     4816.3   1642.7   1868.8   2316.4 2001  3  9 14  0 26.700 2.0   1
     1644  30.452511  103.341583     6.871     3981.5    16940.5     6894.6   2227.7   2309.9   2580.0 2001  3 11 16 37 23.400 2.3   1
     1651  29.444208  100.976936     0.355  -224873.4   -92850.7     5002.3   1203.1   1035.6   1770.8 2001  3 11 22 32  4.200 3.5   1
     1659  29.460447  101.030388     2.826  -219581.9   -91115.0     7265.6    811.1   1025.4   2445.7 2001  3 12 10 16 46.900 3.0   1
     1684  30.504673  101.547462     7.209  -167683.9    24026.7     9463.9   2348.5   2188.7   6891.1 2001  3 13 18 37  8.400 2.0   1
     1723  29.258358  104.287636     7.441    95692.4  -115267.5     9204.5   3283.6   3779.7   4468.1 2001  3 15  8 17 45.300 2.6   1
     1910  31.619347  102.380440    13.165   -86888.0   146739.9    15452.9   1254.2   1361.0   2350.5 2001  3 24  2 29 21.700 2.0   1
     1932  29.469568  101.012947    -0.239  -221354.8   -90110.7     4245.3   1375.3   1364.1   1825.3 2001  3 25  0 23 17.500 2.8   1
     1997  29.261026  101.836388    -0.245  -141970.2  -114612.0     2368.0   1537.0   1910.4   2369.0 2001  3 26 12 47 28.600 2.9   1
     2059  29.206511  101.837135    17.209  -141584.0  -120343.0    19927.1   1679.3   2071.5   3368.8 2001  3 28  6 38 53.400 2.7   1
     2135  29.503952  100.937256     9.162  -228261.7   -86011.4    13840.5   2934.0   2278.3   4152.1 2001  3 30 10 28 13.200 2.7   1
     2138  29.499157  100.931725     9.059  -228810.3   -86534.2    13763.9   1697.8   1216.4   2806.0 2001  3 30 15 38 13.900 2.8   1
     2143  29.477959  100.922272    10.046  -229736.0   -88854.1    14817.3   2179.9   1952.0   4098.9 2001  3 30 19 26 28.200 3.0   1
     2165  29.549177  103.353760    14.976     5188.0   -83287.8    15524.2   1761.2   1261.1   2285.8 2001  3 31 23 22 22.200 1.9   1
     2199  29.449341  100.947563     6.692  -227477.6   -92129.8    11425.9   1508.4   1019.8   2320.4 2001  4  2  1 50  2.000 2.6   1
     2238  29.426105  101.093102     9.156  -213377.5   -94955.7    13444.9   1186.7   1147.0   2247.7 2001  4  3 21 35 25.900 2.7   1
     2244  31.628670  104.031319    14.536    69080.7   147613.3    16625.6   1577.8   1676.8   1814.2 2001  4  4  4 20 10.900 2.2   1
     2248  29.431377  101.038589    16.119  -218395.2   -94163.6    20570.9   1972.8   1445.2   1980.4 2001  4  4  9 20 16.800 2.9   1
     2257  29.458971  100.958961    13.840  -226100.4   -90980.9    18513.9   1763.7   1617.4   2703.0 2001  4  4 18 55 26.900 3.4   1
     2286  29.468199  100.975624     6.830  -224718.2   -90089.6    11437.1   2322.4   1439.5   3073.2 2001  4  6 13  2  7.800 3.4   1
     2301  30.471359  101.589592     4.493  -163780.2    20273.9     6632.0   1776.4   1715.9   3211.5 2001  4  7  0 37 51.400 2.3   1
     2322  29.953203  103.223526     4.346    -7363.2   -38533.1     4467.2   2011.2   1289.0   1818.6 2001  4  7 19 51 13.200 1.9   1
     2323  29.699213  102.587761    16.133   -68617.7   -66418.8    16850.7   2019.8   2172.4   3828.1 2001  4  7 20 34 24.800 2.0   1
     2329  29.495373  100.984657     8.171  -223739.0   -87071.9    12701.7   1005.2    888.3   2278.7 2001  4  7 22 36 39.000 2.5   1
     2330  29.483889  101.008034    11.026  -221406.3   -88352.8    15494.7   1368.6   1112.3   2582.3 2001  4  7 23 46 29.000 2.7   1
     2336  29.460037  101.014030    20.287  -220558.1   -90878.8    24768.6   1905.4   1670.8   2563.6 2001  4  8  2 22 17.100 2.8   1
     2338  29.464849  101.019257     3.837  -220613.8   -90589.6     8304.7   1317.6   1106.1   2416.1 2001  4  8  5 21 41.400 2.5   1
     2339  32.235050  103.533997     4.573    21992.8   214994.8     8241.9   2049.1   2196.7   2056.7 2001  4  8  6 23  0.400 2.0   1
     2367  29.697117  102.028419    20.903  -122409.1   -66131.0    22427.1   2926.5   1369.8   5059.8 2001  4  9  1 56 51.300 1.9   1
     2381  29.457748  103.479935    15.515    17378.9   -93408.7    16225.5   1651.4   1393.9   2392.0 2001  4  9 14 35 11.900 2.1   1
     2403  30.915152  103.130745    17.496   -16102.5    68224.2    17882.9   1599.5   1584.8   2534.9 2001  4 10 19 29 52.800 2.8   1
     2434  31.385408  103.879204    11.557    54880.1   120605.6    12938.0   1755.5   1446.7   2928.0 2001  4 11 18 30 18.600 1.9   1
     2472  29.776606  102.314056     7.529   -95039.8   -57716.7     8500.6   1712.4   1115.4   1787.3 2001  4 13 17 41 13.500 2.0   1
     2491  30.056763  102.872536     2.446   -41124.0   -26959.0     2636.1   1614.8   1251.0   1490.0 2001  4 14 11 29 43.400 2.1   1
     2518  31.887053  102.878143     3.917   -39805.0   176414.8     6485.8   1118.6   1811.6   2193.1 2001  4 15 23  1 38.100 1.8   1
     2562  30.600710  102.419670    14.326   -84062.8    33687.7    14971.0   1733.6   1803.9   2716.8 2001  4 17 22 15 44.600 1.7   1
     2566  29.977585  101.676544     4.361  -156242.0   -34709.6     6373.0   2432.8   1832.7   3586.5 2001  4 18  8 36 37.300 2.5   1
     2593  31.622250  102.363373    14.506   -88479.1   147044.1    16823.0   1440.7   1771.9   2738.4 2001  4 19 12 55 47.600 3.8   1
     2601  30.702106  102.799088     4.723   -47855.3    44784.0     5060.3   2335.0   2220.8   3999.7 2001  4 19 18 50 12.000 1.7   1
     2632  31.634346  103.192741    15.066   -10130.8   148012.7    16798.1   1433.3   1549.1   3578.9 2001  4 21  2 38 56.800 2.0   1
     2704  29.451302  101.050323     1.565  -217716.2   -92187.8     5954.7   1049.0    855.8   1804.4 2001  4 23 11 26  5.900 2.9   1
     2759  29.717115  102.952477     2.381   -33547.8   -64737.1     2798.7   2623.6   1770.3   2783.4 2001  4 25 11  1 18.900 2.2   1
     2817  31.295135  101.018929    10.088  -216338.6   112646.0    14766.0   4528.8   4757.5   3199.0 2001  4 27 14 39 56.900 3.9   1
     2838  30.776030  103.508408     1.242    19906.7    52939.1     1493.6   2577.4   2159.1   2608.6 2001  4 28 15 16  3.300 3.0   1
     2888  30.232340  102.926071     2.805   -35908.1    -7461.1     2910.8   2095.9   1555.2   2390.4 2001  4 30  8 40 35.400 2.0   1
     2903  30.917299  103.425690     0.176    11989.7    68643.8      556.9   1292.3   1690.2   1627.6 2001  4 30 20 44 48.100 2.0   1
     3011  29.417280  101.111290    -0.301  -211953.0   -96112.1     3951.0   1349.7    885.1   1355.8 2001  5  5 10 35 29.100 2.7   1
     3020  29.427259  101.111641     4.157  -211749.4   -94937.0     8387.7   1616.4   1129.0   2363.8 2001  5  5 13 27  0.200 2.5   1
     3022  29.378540  101.131310    20.524  -209408.2  -100127.7    24767.6   1673.1   1867.0   2262.3 2001  5  5 13 30 24.200 3.1   1
     3044  29.473953  101.115868    -3.119  -211484.5   -89860.2     1024.3   1520.2   1316.8   1127.9 2001  5  5 18 41  9.200 3.0   1
     3132  29.038532  102.432190    19.283   -84107.2  -139511.8    21371.9   1761.3   2330.0   2938.3 2001  5  8 15 45 47.600 2.3   1
     3152  29.457830  101.011902     3.404  -221354.9   -91361.5     7908.3   1145.8   1052.7   1580.0 2001  5  9  7 19 17.200 2.8   1
     3263  29.962820  103.190521     0.932   -10545.2   -37481.7     1051.3   1708.8   1189.1   1614.5 2001  5 14  3 57 37.000 2.5   1
     3425  29.081799  102.378189    25.903   -89209.5  -134535.0    27956.3   2049.9   2952.8   5109.5 2001  5 19 17 57  9.600 2.0   1
     3431  29.479568  100.982254     6.666  -224058.4   -88842.6    11231.8   1415.6   1179.3   2311.8 2001  5 20  2 58  7.200 2.3   1
     3441  32.168816  101.519455    14.917  -167174.0   208590.0    20540.7   2423.2   3040.6   3403.2 2001  5 20 11 50 47.900 3.0   1
     3442  32.210686  101.519577    20.782  -166931.7   213034.7    26552.0   2555.8   3005.8   4015.7 2001  5 20 11 52 47.400 2.8   1
     3556  31.462990  102.099091    13.006  -113661.6   129646.3    15344.1   1817.8   1314.1   2431.4 2001  5 22 23 41 35.100 2.2   1
     3558  28.127901  103.608444    -0.592    30249.8  -241450.0     4056.1   4972.1   3045.5   3974.5 2001  5 23  2 28 37.200 3.3   1
     3564  29.267092  103.063103    19.809   -22907.8  -114466.9    20882.3   1301.4   2260.4   2914.8 2001  5 23 11  1 11.800 2.0   1
     3591  31.016384  103.289299    15.937    -1017.1    79456.5    16433.4   1452.2   1336.7   2090.8 2001  5 24  4 47 28.800 1.4   1
     3669  29.460484  102.919418    21.513   -36722.2   -92969.6    22300.4   2390.7   2419.8   5896.7 2001  5 27  0 35  0.100 2.8   1
     3705  30.675999  102.886154     0.676   -39573.9    41876.3      936.4   1842.6   1958.8   2361.2 2001  5 28  8  0 35.800 2.8   1
     3742  29.425747  101.081490     5.212  -214633.2   -95032.7     9541.4   1641.3   1315.7   3008.7 2001  5 29 21 25 58.700 2.4   1
     3751  29.418472  101.112740     3.147  -211695.2   -95930.4     7390.1   1353.6   1256.9   3476.0 2001  5 30  2 26 18.300 2.8   1
     3783  31.811409  103.295303     2.705     -443.7   167969.8     4920.3   1248.9   1502.1   2850.3 2001  5 31  3 51 33.500 1.8   1
     3791  29.421856  101.101936     1.622  -212784.2   -95556.9     5894.3   1298.7    754.1   1777.5 2001  5 31 11 22 41.000 3.0   1
     3869  29.470846  101.054344    -2.781  -217434.3   -90084.6     1565.9   1431.5   1212.2   2577.9 2001  6  3  0 44 53.300 3.1   1
     3915  29.794231  102.413605     5.019   -85463.0   -55860.6     5837.9   1674.4   1371.5   1397.6 2001  6  4 15 27 31.100 2.1   1
     3918  31.137142  103.959862    11.454    62688.1    93097.3    12444.7   2447.1   2497.7   3125.5 2001  6  4 17 57 30.000 2.0   1
     3931  29.795269  102.391640     2.796   -87610.3   -55747.7     3642.5   1828.1   1742.7   2308.9 2001  6  5  2 34 25.400 2.1   1
     3967  30.432802  102.498047     6.677   -76803.6    15022.7     7158.0   1500.4   1439.9   2137.5 2001  6  6 11 52  8.900 2.2   1
     3992  29.425224  101.102249    -0.392  -212814.1   -95213.6     3875.4   1223.2    833.7   1168.9 2001  6  7  6 59 23.200 3.0   1
     4050  29.042074  102.467644    10.862   -80775.4  -139329.2    12901.2   1682.2   2276.6   3990.6 2001  6  9  6  9 21.100 2.2   1
     4065  29.417500  101.116463    -1.452  -211489.3   -96114.9     2783.7   1385.3    946.4   1274.3 2001  6 10  0 10 19.900 3.1   1
     4100  31.509886  102.436714    11.775   -81684.6   134584.6    13723.6   1186.9   1113.8   2383.2 2001  6 11 10 55  8.500 2.4   1
     4128  31.219641  103.334564    15.171     3278.4   102011.5    15990.7   1624.8   1331.4   3810.8 2001  6 13  6 34 37.100 2.0   1
     4172  30.731279  101.689461     3.439  -153832.0    49020.4     5485.7   2461.3   2356.1   3659.4 2001  6 14 16 52 50.500 2.3   1
     4177  30.732132  101.687988     8.679  -153845.0    49077.0    10729.1   1868.5   2194.6   3508.7 2001  6 14 22 48  5.800 1.8   1
     4211  30.631203  103.106621    15.741   -18456.0    36752.2    15873.9   1583.7   1741.2   2187.2 2001  6 16  7 41 57.300 1.8   1
     4260  31.383343  103.195839     6.124    -9878.3   120343.4     7269.4   1267.1   1480.9   4644.3 2001  6 18  5 49 11.900 1.9   1
     4290  30.137264  102.533020    11.475   -73621.0   -17814.4    11925.7   1623.8   1834.3   3394.0 2001  6 20  5 19 58.400 2.1   1
     4359  29.769711  102.379410    29.339   -88442.5   -58334.9    30223.7   3138.0   1906.1   3986.2 2001  6 23 10 16 13.200 1.7   1
     4411  29.404432  101.065262    -1.187  -216464.6   -97467.1     3237.0   1659.5   1087.3   1459.5 2001  6 25  1 10 45.300 2.7   1
     4417  31.418837  103.848595    13.472    51946.3   124263.0    14898.9   1715.6   1462.5   2573.6 2001  6 25  6 31 37.100 2.5   1
     4649  32.279121  103.750847    -2.264    42399.2   220186.5     1681.9   2378.5   2489.4   1667.8 2001  7  5 13 15 47.900 2.8   1
     4668  28.727598  102.655403    20.764   -62647.7  -174073.6    23459.1   2070.8   3479.5   4565.2 2001  7  6 21 27 11.500 2.1   1
     4684  29.438562  101.088936    -0.399  -214074.5   -93705.7     3887.8   1270.1   1165.5   1741.4 2001  7  7 15 48 47.700 3.0   1
     4689  29.439119  101.071548     3.434  -215626.3   -93554.6     7773.6   1013.9    843.1   1850.3 2001  7  7 17 28 57.400 2.8   1
     4738  29.829905  101.263344     9.862  -196115.1   -50432.1    13086.0   3404.4   2353.7   6371.0 2001  7  9  1 56 10.300 2.7   1
     4799  30.510832  103.250168     2.952    -4771.6    23433.2     2997.0   1610.9   1889.0   1988.8 2001  7 12  1  8 15.800 2.4   1
     4821  30.005642  102.345573    16.345   -91663.3   -32261.7    17087.8   1411.5   1286.6   2160.4 2001  7 12 21 54 38.800 3.2   1
     4827  31.798838  104.036949    14.642    69483.3   166486.0    17203.0   1983.4   2769.9   2522.9 2001  7 12 23 49 25.500 1.9   1
     4847  30.094036  102.998253     0.865   -29026.3   -22860.7      971.8   1480.3    998.9   1365.8 2001  7 13 18  7 47.900 2.5   1
     4889  31.654125  102.748138     6.733   -52179.3   150525.3     8727.5   1153.3   1465.7   4364.1 2001  7 15 11  5 25.300 1.8   1
     4914  31.582275  104.109451     8.743    76568.1   142647.8    10803.4   1702.6   2383.6   2627.4 2001  7 16  2  4 47.800 2.1   1
     4934  31.087429  103.143944    15.488   -14824.5    87352.3    16105.7   1467.0   1470.8   3973.8 2001  7 16 18  5 15.900 2.1   1
     4978  31.448608  103.984062     3.981    64849.1   127826.1     5595.0   1754.3   1280.7   2364.2 2001  7 18 20 11  7.200 3.1   1
     4991  29.430996  101.083908     9.144  -214256.4   -94395.7    13453.8   1400.9   1176.2   3021.4 2001  7 19 10 49 23.900 2.7   1
     5025  31.677683  103.164764    18.259   -12760.6   152745.0    20108.5   1113.3   1842.3   2045.0 2001  7 20  9 47 22.500 1.9   1
     5157  29.770224  102.288177    15.253   -97422.2   -58332.6    16267.3   2481.4   1552.3   3696.8 2001  7 25 15 29 31.000 1.8   1
     5191  29.430439  101.083107     0.980  -214609.6   -94577.4     5299.2   1478.4   1036.2   1555.2 2001  7 26 18 21 33.900 3.2   1
     5208  28.857174  103.625504     6.494    31667.8  -160208.9     8589.5   2681.7   1644.6   5614.5 2001  7 27  3 27 19.000 3.4   1
     5245  29.431158  101.106842    -0.165  -212349.6   -94558.8     4076.7   1791.1   1747.7   1681.7 2001  7 29  1 28 50.700 2.5   1
     5255  32.006847  103.379829     8.057     7517.7   189526.9    10884.8   1813.1   1975.8   2915.8 2001  7 29  8 24  3.100 2.5   1
     5257  31.246023  103.338379    17.545     3638.6   104898.9    18412.5   1562.9   1144.2   2493.7 2001  7 29  9 22 10.900 3.1   1
     5291  29.143583  103.586723    -1.187    27851.0  -128567.8      171.3   1456.1   1587.8   1897.5 2001  7 31  3 47 25.300 2.6   1
     5299  29.985672  103.094086     6.358   -19811.9   -34898.9     6484.7   1522.5   1245.6   2456.2 2001  7 31 11 18  9.900 2.2   1
     5328  31.179977  103.691063    -0.122    37202.8    97910.8      739.4   2465.7   1919.8   2306.0 2001  8  2 14 48  8.200 1.8   1
     5332  31.532440  102.999367     0.456   -28490.5   137057.8     1994.7    944.4   1307.3   2146.3 2001  8  2 16 47 25.300 1.9   1
     5388  29.446527  101.103210     7.913  -212398.8   -92725.9    12135.3   1905.5   1541.1   4179.9 2001  8  5 13 59 22.700 3.0   1
     5394  30.624533  102.870537     1.986   -41080.3    36152.2     2220.7   1420.5   1500.8   2221.6 2001  8  5 20 34 43.200 1.8   1
     5407  31.604218  103.082611    -0.288   -20588.3   145035.8     1396.6   1032.2   1355.8   1731.3 2001  8  6  2 34 55.000 2.5   1
     5420  29.975979  101.676155    14.026  -156044.4   -34834.2    16037.1   2421.2   1949.3   5021.6 2001  8  7  6 37  3.200 2.4   1
     5461  30.356985  103.291733    -0.192     -793.4     6336.4     -189.2   2195.1   1366.2   2295.4 2001  8  9 15 50 18.500 2.6   1
     5614  30.453434  101.656250     1.776  -157495.8    18195.8     3750.0   3572.7   1900.7   3196.3 2001  8 14  2 48 42.900 2.3   1
     5655  31.610109  103.087128     7.409   -20134.5   145513.8     9104.6    965.4   1399.0   2938.6 2001  8 15 14 57  3.800 1.8   1
     5748  31.245817  103.324509     8.683     2326.8   105021.9     9550.7   1177.6    998.3   2294.8 2001  8 19 10 47  5.400 2.3   1
     5749  31.251011  103.321350     9.050     2026.7   105592.3     9926.5   1841.1   1740.8   5298.4 2001  8 19 11  5 20.900 1.7   1
     5754  31.623127  103.086662     4.628   -20185.3   147023.7     6357.5    899.9   1409.6   2941.3 2001  8 19 22 42 59.300 1.7   1
     5755  32.017448  102.918312     7.502   -35943.4   190778.2    10464.0   1403.6   2241.9   3636.3 2001  8 19 23 27 41.500 2.7   1
     5890  31.538788  102.386673    -0.396   -86557.2   138092.4     1688.5   1721.6   1203.9   1871.5 2001  8 25  3 13 21.400 2.3   1
     5900  29.449121  101.125671     9.498  -210170.9   -92456.4    13643.5   1323.3   1245.4   2973.8 2001  8 25 10  7  5.300 2.5   1
     6000  30.516241  101.583794    -0.343  -164384.3    25288.2     1828.4   1999.1   2062.1   2021.9 2001  8 30 16 39  8.100 2.6   1
     6021  29.911711  102.783089     7.992   -49757.8   -43008.2     8332.2   1707.5   1682.8   3233.8 2001  8 31 23 17 29.900 3.6   1
     6022  30.465826  101.597519     0.935  -163121.4    19659.1     3054.6   1584.1   1353.7   1860.0 2001  9  1  0 33 19.500 2.2   1
     6026  29.895493  102.793259     7.313   -48793.1   -44818.5     7658.0   1652.1   2109.4   3351.8 2001  9  1  3 56 18.900 2.2   1
     6037  31.735435  103.863823    11.070    53227.5   159450.9    13291.6   1505.5   2442.7   1887.2 2001  9  2  1  5 41.100 2.1   1
     6038  31.485918  104.385895    -2.993   103009.8   132413.0     -785.1   2332.5   2850.4   3415.0 2001  9  2  2 30 42.500 2.4   1
     6074  30.454332  101.588493    12.367  -163711.8    18361.1    14501.3   1758.0   1431.7   2630.5 2001  9  2 21 33 52.100 2.4   1
     6087  31.205885  103.484161    -0.344    17515.8   100744.8      476.3   1633.7   1237.8   1783.4 2001  9  3  7 33 11.500 2.0   1
     6120  30.448465  101.601868    -2.231  -162815.5    17731.3     -126.6   1735.5   1502.1   2060.0 2001  9  5 10 58  3.000 3.5   1
     6154  30.445318  101.587456     3.600  -164051.9    17386.5     5737.1   2618.3   2833.0   3985.2 2001  9  7  0 53 40.000 2.6   1
     6192  30.388294  101.591499     9.604  -163606.2    11033.5    11717.3   2170.5   2004.6   4089.3 2001  9  8  3 38 44.000 2.0   1
     6193  30.455297  101.589951    10.580  -163616.0    18471.3    12711.5   1799.2   1331.0   3429.8 2001  9  8  4 32 55.300 2.1   1
     6195  30.407381  101.580620    -2.364  -164924.4    13193.0     -215.8   1801.4   1506.0   1536.0 2001  9  8  5 14 27.200 2.1   1
     6200  30.457214  101.573296    13.476  -165130.9    18699.7    15648.9   1636.1   1555.8   2711.6 2001  9  8  9 45  9.900 2.8   1
     6214  30.440681  101.577774    12.051  -164767.5    16862.5    14208.2   1637.0   1281.4   2519.2 2001  9  9  3 43 48.900 2.3   1
     6218  30.460096  101.553574     9.109  -167125.8    19061.3    11333.2   1725.9   1717.5   3303.6 2001  9  9  7 46 20.000 3.3   1
     6261  30.610405  103.099251    10.013   -19181.7    34477.7    10135.6   1344.1   1548.8   2507.4 2001  9 10 16 40 46.200 2.2   1
     6307  31.660433  103.092430    12.699   -19606.8   150975.2    14521.8    964.2   1419.9   2791.8 2001  9 12 14 10 56.100 1.6   1
     6312  29.403162  101.087486    15.701  -213748.2   -97391.9    20043.4   1814.5   1374.1   1841.5 2001  9 12 16 38 27.100 3.2   1
     6466  28.721865  102.198044     5.380  -107358.3  -174789.3     8685.9   2070.1   2589.0   3496.2 2001  9 17 20 56  5.900 2.3   1
     6502  28.741968  102.183067    12.901  -108668.3  -172338.5    16165.8   1930.1   2117.2   3463.7 2001  9 18 18  1 29.200 2.4   1
     6526  31.616871  102.393707     9.151   -85690.2   146547.6    11416.1   1337.6   1481.4   2890.2 2001  9 18 22  0 39.700 2.0   1
     6540  29.531734  102.019951     3.070  -123772.9   -84686.0     4836.2   2611.8   1907.7   2664.0 2001  9 19  3  4 51.100 1.9   1
     6667  31.712742  102.776306    10.353   -49456.5   156932.5    12481.1   1670.3   2457.2   6223.8 2001  9 21  2 18 35.600 3.0   1
     6696  28.790674  102.189148     6.497  -108135.3  -167109.7     9609.9   1814.7   2172.5   3536.2 2001  9 21 14 25 19.500 2.5   1
     6713  30.575571  102.866714     0.497   -41476.4    30718.5      705.7   1509.6   1374.3   1454.8 2001  9 21 18 29 59.800 1.9   1
     6765  31.983505  101.961143     4.815  -126168.6   187772.5     8835.3   1865.7   3140.4   3863.5 2001  9 23  6 34 47.500 3.9   1
     6801  30.944412  103.372025    14.101     6853.8    71497.0    14507.1   1372.5   1455.4   1756.4 2001  9 24  8 18  0.500 3.2   1
     6841  31.471012  104.390068     2.086   103340.3   130654.6     4264.8   1990.2   2148.9   3517.6 2001  9 25  8 11  2.600 2.4   1
     6877  29.910021  102.763580     4.923   -51662.5   -43208.0     5279.5   1699.3   1595.7   2757.6 2001  9 26  6 48 14.100 2.6   1
     6929  29.322477  103.018555     4.010   -27268.0  -108588.2     4994.1   1946.9   2276.2   2697.2 2001  9 27 19 56 10.400 1.7   1
     6938  28.328671  104.707481    -2.385   137799.5  -218386.6     2848.9   3773.7   3239.7   3314.6 2001  9 28  6 31 34.400 4.3   1
     6963  29.917315  101.979050     5.421  -127190.7   -41776.5     6828.7   2468.1   1576.8   3622.7 2001  9 28 22 37 47.000 2.1   1
     6964  29.929325  101.999847    22.908  -124829.4   -40354.0    24263.9   2265.3   1626.7   2896.3 2001  9 28 22 58 35.600 2.2   1
     6979  29.920439  101.976875    11.916  -127265.9   -41384.6    13324.4   2107.1   1582.3   2718.8 2001  9 29  8 33 36.800 2.2   1
     7013  29.927843  102.028824    22.781  -122052.1   -40550.6    24084.3   2037.1   1816.6   2897.5 2001  9 30  1 37 54.000 2.1   1
     7150  31.707672  102.776108     4.827   -49521.3   156505.5     6944.1   1194.1   1882.7   6435.2 2001 10  5 11 59  6.700 1.7   1
     7158  29.466600  102.021927    10.767  -123511.7   -91814.8    12628.8   2222.8   1830.9   2691.1 2001 10  5 18 30 29.500 2.6   1
     7194  29.431644  101.967140    -3.825  -129145.5   -95853.2    -1795.8   1864.8   1930.6   2398.6 2001 10  9  0 51 37.100 2.5   1
     7195  29.437563  101.128677    -1.750  -210275.2   -93911.0     2412.9   1458.6   1234.2   1603.6 2001 10  9  1 32 21.000 3.0   1
     7259  30.182804  102.571449    10.875   -69906.7   -12785.1    11271.6   1602.4   1478.6   2622.1 2001 10 12 21  5 18.600 2.8   1
     7278  30.147396  101.988945    14.839  -125758.9   -16203.2    16104.0   2341.3   1882.8   3445.9 2001 10 13 18 34 32.300 2.4   1
     7298  30.194893  102.569626     9.171   -70091.3   -11445.1     9567.6   1323.4   1552.8   2909.3 2001 10 14 15 41 23.200 2.9   1
     7299  30.175062  102.568130     9.462   -70245.8   -13645.5     9864.4   2128.5   1760.7   3181.6 2001 10 14 15 42 35.500 2.3   1
     7335  30.147810  102.927376     8.473   -35780.7   -16841.8     8596.0   2297.4   1384.5   2799.8 2001 10 15 19 45 11.900 2.5   1
     7355  28.996975  101.989182    20.462  -127063.9  -143678.7    23359.0   2064.4   2774.0   3756.0 2001 10 16 17  6 24.100 2.2   1
     7392  31.986807  102.957687     5.762   -32255.4   187415.8     8603.7   1574.7   2467.0   3415.0 2001 10 18 15 57 32.100 2.0   1
     7400  31.687557  101.734932    -0.385  -148074.9   155303.4     3229.8   2678.4   2518.8   2559.6 2001 10 18 20 19 57.000 2.8   1
     7448  29.364220  103.159149     4.290   -13640.3  -103970.9     5154.0   1702.0   2305.8   2571.4 2001 10 20  7  3 47.900 2.1   1
     7453  28.770533  102.233864    15.368  -103657.9  -169152.1    18464.7   2467.9   2550.0   4162.0 2001 10 20  7 37 11.300 2.4   1
     7543  30.747028  100.546890     3.595  -262850.6    52865.5     9241.8   3683.7   4052.3   5085.4 2001 10 22 23  6 53.900 2.7   1
     7551  29.552029  103.112740     8.930   -18088.4   -83036.6     9497.4   1272.3   1777.1   4914.3 2001 10 23 10 33 54.800 1.9   1
     7564  29.544710  103.186226    10.781   -10987.9   -83834.2    11342.7   1104.5   1654.8   3288.3 2001 10 23 18 31 58.500 2.0   1
     7576  29.433136  100.990906     0.165  -223553.2   -94111.8     4784.2   1173.9    934.6   1822.2 2001 10 24  9 19 51.100 2.6   1
     7631  29.656637  103.230980    18.482    -6650.1   -71327.8    18885.6   1501.2   1442.8   2500.8 2001 10 26  3 29 39.800 2.9   1
     7735  31.766109  101.232239    17.487  -194903.4   164333.2    22603.9   1909.4   1819.8   2916.1 2001 10 28 10 14 20.400 2.7   1
     7761  29.683268  103.240845     7.381    -5708.1   -68495.1     7751.7   1340.8   1223.1   2077.2 2001 10 28 21 48 23.200 3.1   1
     7835  31.458824  103.998909    -0.743    66297.6   129065.3      909.5   1683.1   1552.7   2052.6 2001 10 31  2 59 20.400 1.9   1
     7878  29.246799  102.941078     2.444   -34808.7  -117004.1     3613.8   1530.4   2306.5   1967.8 2001 12  1 16  6 57.900 1.8   1
     7886  30.464106  102.340614     5.142   -91873.4    18620.7     5832.0   1878.2   2320.1   2263.4 2001 12  2  0  9 47.200 1.6   1
     7901  29.652710  102.068512    18.482  -118648.0   -71121.6    19988.4   2070.5   1327.9   3772.4 2001 12  2 15  0 16.000 2.3   1
     8016  29.642588  102.063118     3.398  -119462.5   -72409.6     4930.1   2396.1   1669.1   3449.2 2001 12  5  0 49 18.000 1.8   1
     8029  31.392315  103.356606    11.116     5364.1   121241.5    12274.4   3725.0   3768.5   5576.7 2001 12  5  8 27 28.600 1.3   1
     8059  29.052965  104.778618     8.233   143525.4  -137539.5    11339.4   3261.6   4306.2   3622.6 2001 12  6  3  4 37.100 3.8   1
     8135  29.348896  104.148254    11.641    82062.4  -105253.3    13041.7   2653.6   3058.7   3362.1 2001 12  8  9  0 15.400 3.3   1
     8159  30.247482  102.005035    -1.923  -124416.5    -5132.4     -705.9   2389.5   2001.4   1836.6 2001 12  8 22 10 13.600 2.1   1
     8188  29.545168  101.985550     3.457  -127074.3   -83150.1     5268.2   2972.8   2416.1   3702.2 2001 12 10  2 31  6.400 2.7   1
     8196  30.231623  101.992989     0.773  -125540.8    -6879.8     2014.0   2749.0   2541.7   2901.8 2001 12 10  7 50 36.200 1.9   1
     8419  30.051418  103.157707     7.784   -13678.8   -27598.6     7858.1   2081.6   1238.1   1862.2 2001 12 14 23 49 49.200 2.0   1
     8481  31.759542  101.917130     3.561  -130657.4   162980.7     6988.5   2363.3   2237.1   3785.9 2001 12 16  2 48 19.100 2.3   1
     8493  31.763157  101.913460    10.049  -130866.2   163219.9    13490.4   2427.1   2322.6   2394.9 2001 12 16  8 35 37.100 2.4   1
     8607  31.242594  103.250648     3.308    -4689.8   104753.2     4171.0   1323.8   1319.3   1822.9 2001 12 20  4 42 27.400 1.8   1
     8631  31.530973  102.383713     2.826   -86801.8   137156.5     4895.1   1641.7   1300.6   3152.3 2001 12 21  4 52 30.900 1.9   1
     8676  31.715963  103.201294    15.388    -9313.4   157055.5    17335.5   1007.5   1785.7   1879.3 2001 12 22 11 32  5.400 1.4   1
     8731  29.778051  102.337349    -3.782   -92958.6   -57677.8    -2842.8   2040.1   1401.8   1595.5 2001 12 23 17  1 11.500 1.7   1
     8746  29.478088  102.081810     2.023  -117874.6   -90728.2     3760.4   2599.0   1923.5   3004.5 2001 12 24  1 33 18.400 2.2   1
     8783  31.238731  103.314255     3.863     1354.3   104313.7     4718.1   1168.7    988.0   1821.2 2001 12 25  5 15 20.800 2.5   1
     8788  29.478674  100.983757     1.362  -224102.4   -89019.0     5928.4   1362.4   1180.3   1724.7 2001 12 25  7 48 41.200 2.5   1
     8849  30.231329  103.466339    16.021    15940.5    -7605.2    16045.7   3534.5   1633.8   5911.0 2001 12 27  4 47 37.600 2.0   1
     8861  30.511374  103.064735    13.209   -22491.3    23478.1    13292.0   1561.5   1342.4   2288.7 2001 12 27 17 19 52.800 3.3   1
     8863  30.516748  103.057449    14.003   -23183.2    24072.8    14091.3   1490.8   1390.7   2115.6 2001 12 27 18  1 39.300 3.0   1
