   620126  30.367151  103.097878    33.830   -19288.7     7444.3    33863.4   4036.4   1710.9   4645.0 2001 12 27  9 19 52.800 0.0   1
   620149  30.093307  103.506302     1.700    19842.1   -22958.8     1772.8   5779.1   4443.3   3966.9 2002  7  3 23 48 54.500 0.0   1
   620163  30.183258  102.085693     5.930  -116600.8   -12345.9     7010.4   1737.8   2045.2   2271.7 2002  9 13  5 36 42.700 0.0   1
   620164  30.176294  102.106628     4.161  -114630.9   -13144.0     5206.4   1748.9   2068.1   2014.1 2002  9 16 19 55 52.600 0.0   1
   620175  31.076042  103.483429     8.945    17444.8    86181.8     9552.8   1957.0   1398.0   2555.4 2002 11 16 16 17 59.200 0.0   1
   620190  29.214663  102.201088     9.468  -106485.4  -119982.4    11491.3   1401.5   1818.2   3351.7 2003  2 10 14 25 47.000 0.0   1
   620199  29.293913  104.017258    -1.338    69569.1  -111669.6       20.6   3944.8   3227.3   3392.2 2003  3 18  6 48 35.800 0.0   1
   620203  31.282007  103.604332    15.198    28851.7   108966.8    16197.2   1660.5   1398.7   2778.5 2003  5  5 18 59 58.200 0.0   1
   620209  29.065697  102.220222    -2.499  -104979.8  -136792.3     -165.5   2120.8   2432.1   2937.8 2003  6  2  3 30  7.700 0.0   1
   620249  31.043142  103.372742    -0.054     6930.2    82633.7      486.1   1966.9   1396.6   1689.4 2003  9 15  9 18 59.300 0.0   1
   620252  29.175034  102.241653     7.210  -102630.2  -124462.5     9255.2   1429.1   1851.7   3555.7 2003  9 16 17  9 40.700 0.0   1
   620256  28.971966  102.203499     1.808  -106630.5  -147101.0     4400.1   2220.4   2423.0   3197.6 2003 10  9  9 41 24.000 0.0   1
   620279  29.129564  101.149940    -1.249  -208829.6  -128186.0     3463.9   2293.4   2718.2   2387.8 2003 11 19 12 40 33.100 0.0   1
   620286  29.344040  100.926842     2.267  -229877.3  -103853.1     7264.5   2444.2   2571.5   2268.2 2003 11 27 14 14 53.200 0.0   1
   620320  28.015848  103.393059     7.250     9125.2  -253626.1    12313.0   6146.5   2758.2   3807.2 2004  3  1 10 15 51.000 0.0   1
       12  29.459507  101.051170     4.819  -217506.2   -91230.6     9190.3   1107.3    852.2   1745.0 2001  1  2  0  2 43.600 3.0   1
      115  29.465227  101.044403     4.484  -218159.0   -90587.1     8867.5   1172.8   1093.3   2304.1 2001  1  6  7 20 10.500 3.0   1
      133  31.702425  104.273857     5.577    92045.1   156185.0     8159.0   1912.4   1818.7   2389.4 2001  1  7  5 49  4.400 2.8   1
      137  29.113811  103.687599    10.180    37593.3  -131613.8    11652.8   1572.0   1026.1   1715.2 2001  1  7  7 49 58.600 2.9   1
      138  29.118383  103.696701    11.577    38465.5  -131074.4    13044.0   1617.0   1109.4   1606.9 2001  1  7  7 53 11.100 2.3   1
      153  31.474537  104.089470     8.728    74764.4   130674.0    10509.2   1315.7   1495.5   2441.4 2001  1  8  2  2 37.400 2.1   1
      191  29.473209  100.981117    14.930  -223891.6   -89430.2    19504.4   2707.2   1635.1   2123.6 2001  1  9 13  5  2.200 3.4   1
      293  29.960361  103.141396    -0.162   -15279.7   -37756.3      -31.5   1283.8    888.2   1370.1 2001  1 12 15 53 18.400 2.4   1
      322  31.434713  102.485779    18.613   -77021.2   126073.3    20330.9   1346.6   1269.4   2314.1 2001  1 13 20 39 56.500 2.8   1
      354  31.126657  103.769073     7.655    44594.9    91898.3     8475.4   1211.5   1014.3   1992.6 2001  1 14 17 41 38.100 2.4   1
      356  31.158358  103.772713    -0.739    44984.9    95545.6      136.1   1433.0   1406.2   1682.6 2001  1 14 18 20 23.100 2.0   1
      370  30.289171  103.092499     3.133   -19913.7    -1185.5     3163.8   1356.8   1006.0   2220.9 2001  1 15  5 21 35.300 2.9   1
      374  31.747242  103.804756     7.231    47674.1   160831.8     9442.5   1627.2   1358.5   2312.9 2001  1 15  8 54  9.100 1.8   1
      381  31.164127  103.766396    -2.070    44390.2    96205.2    -1189.6   1969.2   1205.8   1759.9 2001  1 15 18 34 30.800 2.0   1
      401  31.554556  102.422066    12.972   -83014.4   139525.8    15044.9   2112.6   1199.9   2886.4 2001  1 17  5 21 39.100 1.9   1
      405  29.473120  100.938972    10.122  -228130.6   -89423.9    14843.7   1713.6   1626.3   2397.3 2001  1 17  9  7 19.400 2.6   1
      443  29.454227  101.023392     1.537  -220317.0   -91811.0     6010.4   1301.4   1492.7   2015.0 2001  1 18 18 32 40.400 2.6   1
      500  31.137426  103.825325    13.513    49891.0    93031.6    14389.1   1304.7   1029.2   1728.0 2001  1 21  8 16 31.600 2.8   1
      504  31.123491  103.815819    14.042    48990.8    91474.1    14889.4   1314.1   1180.4   1672.1 2001  1 21 13  8 44.500 2.9   1
      510  31.133034  103.764458    -2.714    44225.1    92755.3    -1885.3   1313.1   1158.0   1475.0 2001  1 21 14 25 45.400 2.1   1
      528  31.141144  103.792671    10.217    46812.3    93479.0    11076.5   1341.1    933.2   1810.4 2001  1 22  3  3 47.600 2.5   1
      584  29.453341  100.972054    13.724  -224852.9   -91633.1    18363.0   1708.9   1156.6   1877.1 2001  1 25  0 31 21.400 3.1   1
      586  29.456482  101.070831    -2.604  -215863.5   -91711.1     1713.2   1297.5    903.8   1098.3 2001  1 25  1 35 47.500 2.8   1
      593  30.025232  103.027748     3.970   -26193.9   -30502.3     4097.0   1346.2    836.9   1705.3 2001  1 25  8 40 55.600 2.0   1
      595  30.936714  101.104248    -0.815  -209397.3    72831.1     3042.9   4018.5   2375.3   4900.6 2001  1 25  9 46 46.700 1.9   1
      607  28.929663  102.493050    22.764   -78248.9  -151537.5    25055.5   2247.1   1793.3   2624.8 2001  1 26  1 17 18.600 2.2   1
      665  30.944046  103.157661    18.395   -13536.0    71414.6    18811.1   1070.0   1162.3   1592.5 2001  1 29  4 14 37.300 3.0   1
      699  30.395958  101.998581     6.537  -124681.6    11373.3     7768.4   2805.7   2512.3   3388.9 2001  1 31 17 23  9.600 2.2   1
      732  29.506796  103.257179     6.741    -4139.0   -88103.4     7352.0   1187.9   1271.1   1667.7 2001  2  2 14 42 34.500 2.6   1
      753  30.019993  103.120087     3.363   -17312.7   -31105.0     3462.9   1352.6   1204.5   1860.4 2001  2  4  4 42  4.400 2.0   1
      821  30.625643  103.049835     2.472   -23927.5    36221.8     2619.6   1238.6   1359.9   1871.0 2001  2  9 11 33 16.600 2.1   1
      822  30.413658  102.682388     0.600   -59218.3    12797.7      888.3   1188.6   1267.6   1645.9 2001  2  9 17 44 48.600 2.7   1
      854  29.643032  102.328438     7.308   -93781.4   -72565.1     8413.3   1629.6   1270.1   2297.0 2001  2 11  6 25 36.200 2.1   1
      895  29.458889  101.068909    12.564  -215530.3   -91222.1    16872.5   1506.6   1235.9   2005.3 2001  2 12 17 55  4.600 2.7   1
      899  29.448631  101.044449    11.372  -217954.6   -92330.7    15778.8   1270.7    808.0   2298.6 2001  2 12 20 44 50.100 3.3   1
      911  29.454975  101.072838    12.172  -215171.9   -91669.4    16474.6   1566.2   1275.9   2098.8 2001  2 13  1  0  9.400 2.8   1
      924  29.440100  101.026543    16.124  -219538.1   -93173.2    20600.8   1630.9   1306.7   1848.0 2001  2 13 15 32 21.900 2.4   1
      945  29.449129  101.036591     0.027  -219102.7   -92425.1     4466.7   1173.7    792.8   1387.5 2001  2 14 13  0 32.600 3.1   1
      946  29.475641  101.046371     1.356  -218054.0   -89478.0     5718.5   1074.8    856.4   1372.5 2001  2 14 15 27 28.200 0.0   1
      951  29.472221  101.031822    -0.285  -219524.5   -89853.3     4131.9   1112.7    884.4   1596.4 2001  2 14 15 39 59.900 3.0   1
      960  29.467512  101.017975     2.750  -220769.3   -90306.7     7219.1   1020.6    730.8   1773.9 2001  2 14 16 24 47.900 3.3   1
      970  29.475500  101.019287    11.529  -220320.7   -89298.7    15974.2   1375.4   1088.9   2117.8 2001  2 14 17 50 30.900 2.9   1
      976  29.463499  101.057358     1.669  -217007.3   -90843.8     6015.0   1230.7   1002.5   1855.2 2001  2 14 18 34 57.000 2.6   1
     1010  29.462107  101.025162     5.225  -220000.5   -90886.1     9676.5    962.2   1016.5   2238.6 2001  2 15  9 15 58.700 2.7   1
     1034  29.462414  101.029739     9.037  -219426.0   -90806.3    13470.3   1323.6   1066.9   2691.9 2001  2 16  6 37 57.100 2.7   1
     1035  29.470573  101.036018     0.833  -219084.0   -90029.0     5238.3   1073.6    887.0   1401.0 2001  2 16  7  3 16.800 2.7   1
     1095  31.205793  103.437866     4.674    13102.2   100648.9     5483.5   1074.1    867.8   1794.9 2001  2 17 17 43 43.500 2.2   1
     1153  29.463654  101.042961     6.060  -218248.5   -90736.7    10450.1   1155.4   1204.4   2251.2 2001  2 19 13 16 49.100 2.6   1
     1155  29.466730  101.064766     3.144  -216233.2   -90478.2     7459.9   1093.7    649.4   1578.6 2001  2 19 13 37 16.200 2.5   1
     1171  29.468790  101.040031     2.275  -218649.8   -90214.2     6668.9   1435.2   1225.0   1765.1 2001  2 20  8 21 28.400 2.8   1
     1240  29.721439  102.629967     9.206   -64608.3   -64048.4     9856.9   1805.7   1523.0   3357.5 2001  2 22 19  5 56.500 1.8   1
     1243  31.715433  102.384247     5.580   -86541.1   157583.9     8119.9   1202.7   1262.8   3528.3 2001  2 23  1 55 52.000 2.0   1
     1247  29.446070  100.987587    -1.949  -223920.1   -92698.3     2660.4   1229.8    772.5   1490.1 2001  2 23  9 34 43.000 3.0   1
     1248  29.455235  101.020721    12.956  -220177.4   -91529.3    17428.9   1727.0   1182.3   2038.9 2001  2 23  9 39 38.000 2.7   1
     1250  29.452728  100.998688    10.683  -222388.8   -91797.5    15235.4   1398.9   1152.1   3290.0 2001  2 23 10 11 51.000 4.2   1
     1252  29.474941  101.029182    -2.121  -219837.7   -89571.5     2302.0   1195.2    946.5   1102.0 2001  2 23 10 19 35.900 2.6   1
     1264  31.621546  103.862625     7.351    53210.0   146898.0     9269.2   1290.1   1215.9   2115.3 2001  2 23 18 15 11.400 1.9   1
     1277  31.596315  102.971390     9.721   -31075.9   143955.9    11425.9   1004.6   1296.5   3965.6 2001  2 24  0  8 36.000 2.0   1
     1279  29.464367  101.013855    -2.719  -221364.7   -90726.1     1772.8   1145.6    908.9   1482.2 2001  2 24  0 55 18.300 2.9   1
     1281  29.466017  101.013100     0.077  -221337.2   -90501.7     4565.9   1293.0    886.0   1513.4 2001  2 24  2 22 20.000 2.7   1
     1285  29.463865  101.038376     2.426  -218816.2   -90756.4     6833.0   1193.2   1162.5   2150.3 2001  2 25  2  5  9.100 2.6   1
     1287  29.481522  100.985413     2.878  -223882.2   -88684.8     7432.5   1033.1   1095.1   2141.1 2001  2 25  6 28  9.300 2.0   1
     1298  29.477314  101.078911     4.141  -214809.5   -89315.0     8392.7   1282.1   1094.4   1876.1 2001  2 25 14 57 26.900 3.0   1
     1300  29.454874  101.039307     2.395  -218745.9   -91757.7     6814.5   1140.9    916.3   2177.0 2001  2 25 16 47  4.200 2.7   1
     1311  29.478998  101.029839     2.775  -219596.7   -89053.4     7184.9   1150.0    912.6   2141.8 2001  2 26  6  4 43.400 3.0   1
     1321  29.438419  101.009163    -3.855  -221915.1   -93619.2      696.9   1162.8    820.9   1227.4 2001  2 26 12 18  1.600 2.8   1
     1331  29.462820  101.042938     3.250  -218348.5   -90869.2     7643.8   1402.5   1123.8   2345.1 2001  2 27  2 46 21.800 2.2   1
     1352  29.459562  100.981041    -1.275  -224499.6   -91175.3     3333.7   1234.4   1002.6   1673.3 2001  2 27 22 21 48.400 3.2   1
     1388  29.455526  101.056770     1.662  -217081.1   -91729.2     6023.1   1215.4    940.1   1853.6 2001  3  1 13 19 54.500 3.5   1
     1424  29.463520  101.023643    -0.658  -220348.0   -90809.9     3800.4   1168.1    835.3   1569.6 2001  3  3  0 16 59.600 2.9   1
     1439  30.388683  102.641350    26.260   -62914.4    10002.9    26580.0   1570.7   1217.7   2978.2 2001  3  3 15 48  7.200 2.7   1
     1442  30.981243  103.344040     4.681     4195.4    75693.9     5132.4   1168.6   1109.6   1577.3 2001  3  3 17 38  4.500 2.1   1
     1446  29.002804  102.785332     6.573   -49999.2  -143967.1     8397.6   1334.9   2763.1   3423.8 2001  3  3 18 49 32.900 1.9   1
     1453  31.414888  101.172012    -1.627  -201940.9   125885.7     2817.8   2076.4   2806.6   3076.9 2001  3  3 23 40 12.500 2.1   1
     1457  29.448227  100.977989     1.821  -224711.4   -92384.6     6456.6   1183.8   1052.0   1772.7 2001  3  4  2  7  1.000 2.6   1
     1487  28.984447  101.841103    21.585  -141408.2  -144865.9    24813.6   2075.6   2187.8   2726.0 2001  3  4 21 10 45.300 2.7   1
     1496  29.453251  101.092789     0.798  -213630.5   -92062.9     5046.8   1254.1    906.2   1465.7 2001  3  5 13 35  2.500 2.5   1
     1530  29.928181  103.040031    32.794   -24923.5   -41102.7    32976.1   1707.0   1250.1   2044.1 2001  3  7  0  9 22.000 2.0   1
     1550  27.700195  102.789345    10.074   -50194.3  -288416.1    16814.7   3044.6   3313.6   4790.1 2001  3  7 19 51 23.600 4.2   1
     1585  31.564018  102.448738     1.382   -80631.6   140812.4     3449.2   1129.1   1134.8   2311.6 2001  3  8 19 33 41.300 2.1   1
     1603  31.974808  103.678055     1.916    35648.9   186206.5     4738.1   1342.4   1603.2   1753.0 2001  3  9 14  0 26.700 2.0   1
     1644  30.453007  103.340744     6.994     3901.0    16995.3     7017.7   1870.4   1403.3   2155.1 2001  3 11 16 37 23.400 2.3   1
     1651  29.444118  100.977425     0.270  -224829.7   -92862.6     4915.9   1246.8    794.2   1704.3 2001  3 11 22 32  4.200 3.5   1
     1659  29.460518  101.033195     2.595  -219318.0   -91115.7     7024.7   1313.0   1295.2   2103.0 2001  3 12 10 16 46.900 3.0   1
     1684  30.506449  101.544334    10.201  -167901.6    24217.1    12463.9   2149.8   2115.3   6406.7 2001  3 13 18 37  8.400 2.0   1
     1723  29.247557  104.291420     6.947    96077.4  -116472.7     8738.8   3038.9   3723.4   4251.0 2001  3 15  8 17 45.300 2.6   1
     1910  31.619101  102.381432    13.693   -86787.2   146699.9    15978.7   1245.8   1297.7   1974.3 2001  3 24  2 29 21.700 2.0   1
     1932  29.470091  101.011795     0.161  -221451.2   -90044.7     4647.7   1526.2   1203.9   1808.2 2001  3 25  0 23 17.500 2.8   1
     1997  29.260855  101.840172    -0.282  -141604.4  -114636.1     2323.5   1825.6   1795.9   2016.4 2001  3 26 12 47 28.600 2.9   1
     2059  29.208899  101.838829    18.011  -141398.8  -120065.2    20719.6   1784.0   2148.5   2662.9 2001  3 28  6 38 53.400 2.7   1
     2135  29.503965  100.928177     7.961  -229181.3   -86008.2    12671.6   2033.6   1451.7   3173.8 2001  3 30 10 28 13.200 2.7   1
     2138  29.498470  100.927223     9.845  -229218.4   -86590.5    14565.6   1645.8   1335.9   2918.3 2001  3 30 15 38 13.900 2.8   1
     2143  29.480598  100.918739     8.069  -230142.2   -88581.6    12849.4   2096.4   1809.2   3321.7 2001  3 30 19 26 28.200 3.0   1
     2165  29.551212  103.353691    15.272     5180.9   -83057.9    15817.1   1646.6   1382.2   2099.5 2001  3 31 23 22 22.200 1.9   1
     2199  29.449215  100.943832     6.658  -227839.7   -92137.0    11404.9   1498.5   1100.8   2661.1 2001  4  2  1 50  2.000 2.6   1
     2238  29.425835  101.092003     9.505  -213472.1   -94978.3    13796.9    997.2    861.7   2219.4 2001  4  3 21 35 25.900 2.7   1
     2244  31.628164  104.028931    14.637    68853.9   147553.2    16723.0   1241.1   1440.2   1544.0 2001  4  4  4 20 10.900 2.2   1
     2248  29.432413  101.039940    16.563  -218247.1   -94045.2    21008.3   1641.6   1167.6   1963.3 2001  4  4  9 20 16.800 2.9   1
     2257  29.458015  100.958389    14.802  -226123.7   -91072.2    19478.5   1649.0   1280.0   2443.3 2001  4  4 18 55 26.900 3.4   1
     2286  29.468004  100.970688     7.052  -225188.1   -90098.2    11675.9   1474.1   1039.5   2401.7 2001  4  6 13  2  7.800 3.4   1
     2301  30.470383  101.591042     5.351  -163621.0    20160.9     7486.5   1729.5   1167.6   2610.2 2001  4  7  0 37 51.400 2.3   1
     2322  29.952822  103.224037     4.444    -7313.4   -38575.1     4565.3   1627.6   1121.3   1236.7 2001  4  7 19 51 13.200 1.9   1
     2323  29.699009  102.583794    17.076   -68989.9   -66429.2    17797.8   1946.0   1695.7   3027.7 2001  4  7 20 34 24.800 2.0   1
     2329  29.495251  100.984024     8.695  -223781.5   -87076.9    13228.1   1324.6   1163.6   2692.3 2001  4  7 22 36 39.000 2.5   1
     2330  29.483810  101.008659    11.930  -221315.2   -88350.2    16396.5   1709.7   1157.5   2422.3 2001  4  7 23 46 29.000 2.7   1
     2336  29.459784  101.014786    20.941  -220463.2   -90898.9    25420.2   1676.3   1347.2   2433.6 2001  4  8  2 22 17.100 2.8   1
     2338  29.465286  101.019485     3.704  -220594.5   -90543.8     8170.6   1117.2   1005.2   2175.0 2001  4  8  5 21 41.400 2.5   1
     2339  32.235954  103.536812     4.624    22257.2   215094.2     8297.7   2181.3   2620.5   3268.3 2001  4  8  6 23  0.400 2.0   1
     2367  29.696829  102.036995    23.353  -121536.8   -66146.7    24861.0   2580.3   1467.0   4165.3 2001  4  9  1 56 51.300 1.9   1
     2381  29.456676  103.477264    15.037    17122.5   -93535.3    15748.3   1906.7   1350.9   2431.9 2001  4  9 14 35 11.900 2.1   1
     2403  30.916851  103.131065    17.404   -16071.6    68413.7    17792.6   1311.2   1247.6   2029.4 2001  4 10 19 29 52.800 2.8   1
     2434  31.384842  103.878693    11.600    54832.2   120541.4    12978.9   1364.2   1239.7   2081.5 2001  4 11 18 30 18.600 1.9   1
     2472  29.774895  102.309387     6.955   -95500.3   -57908.0     7935.3   2526.2   1290.2   3292.6 2001  4 13 17 41 13.500 2.0   1
     2491  30.057228  102.874710     2.306   -40915.3   -26908.8     2494.7   1254.8    988.5   1757.4 2001  4 14 11 29 43.400 2.1   1
     2518  31.883705  102.878662     3.377   -39760.3   176057.8     5935.2   1071.2   1583.7   2485.2 2001  4 15 23  1 38.100 1.8   1
     2562  30.600395  102.420448    14.421   -83987.8    33651.8    15065.2   1496.2   1420.8   2483.6 2001  4 17 22 15 44.600 1.7   1
     2566  29.978043  101.669930     4.703  -156869.9   -34647.8     6730.0   2152.7   1551.9   2495.7 2001  4 18  8 36 37.300 2.5   1
     2593  31.620579  102.361160    14.841   -88684.1   146853.0    17156.7   1661.3   1335.0   1949.7 2001  4 19 12 55 47.600 3.8   1
     2601  30.703278  102.798347     3.658   -47933.6    44921.9     3997.0   1665.7   2491.2   3209.2 2001  4 19 18 50 12.000 1.7   1
     2632  31.630941  103.191444    13.776   -10255.4   147665.1    15499.2   1517.6   1552.9   3319.3 2001  4 21  2 38 56.800 2.0   1
     2704  29.451420  101.051636     1.291  -217598.5   -92181.0     5675.8   1054.2    839.0   1447.6 2001  4 23 11 26  5.900 2.9   1
     2759  29.715769  102.947136     2.296   -34064.3   -64886.0     2718.1   2178.9   1432.1   2653.6 2001  4 25 11  1 18.900 2.2   1
     2817  31.279636  101.029411    12.083  -215312.5   110871.2    16696.9   4347.4   4691.1   4099.6 2001  4 27 14 39 56.900 3.9   1
     2838  30.779692  103.506378     1.372    19711.1    53344.8     1626.1   1908.3   1853.3   2304.6 2001  4 28 15 16  3.300 3.0   1
     2888  30.233355  102.927940     3.146   -35725.7    -7348.5     3250.1   1301.1   1209.8   1681.2 2001  4 30  8 40 35.400 2.0   1
     2903  30.917271  103.424835    -0.027    11908.6    68642.7      353.8   1068.2   1229.9   1441.0 2001  4 30 20 44 48.100 2.0   1
     3011  29.417025  101.112007    -0.322  -211884.7   -96142.4     3928.3   1389.5    970.0   1238.8 2001  5  5 10 35 29.100 2.7   1
     3020  29.426365  101.109451     4.751  -211943.7   -95023.3     8990.0   1544.2   1116.0   2104.3 2001  5  5 13 27  0.200 2.5   1
     3022  29.378342  101.131165    21.034  -209405.9  -100141.4    25278.3   1608.1   1699.5   2023.8 2001  5  5 13 30 24.200 3.1   1
     3044  29.474678  101.116783    -3.208  -211397.4   -89782.5      931.1   1391.2   1103.0   1226.6 2001  5  5 18 41  9.200 3.0   1
     3132  29.040009  102.430862    19.300   -84234.1  -139346.8    21387.0   1432.9   2260.0   2349.0 2001  5  8 15 45 47.600 2.3   1
     3152  29.457769  101.011841     3.408  -221361.1   -91368.3     7913.0   1017.6   1039.0   1854.9 2001  5  9  7 19 17.200 2.8   1
     3263  29.962534  103.192627     0.994   -10341.7   -37513.7     1112.5   1540.2   1006.9   1496.3 2001  5 14  3 57 37.000 2.5   1
     3425  29.083694  102.380089    28.261   -88991.1  -134276.6    30307.0   1593.5   2529.0   3564.7 2001  5 19 17 57  9.600 2.0   1
     3431  29.479944  100.981171     6.680  -224161.8   -88798.8    11249.2   1159.3    933.3   2629.1 2001  5 20  2 58  7.200 2.3   1
     3441  32.166470  101.519989    15.106  -167122.9   208322.6    20719.3   1878.6   2373.7   2792.3 2001  5 20 11 50 47.900 3.0   1
     3442  32.213448  101.517639    20.994  -167101.9   213336.3    26778.9   2013.8   2374.2   3393.2 2001  5 20 11 52 47.400 2.8   1
     3556  31.462334  102.095436    13.318  -114002.8   129571.1    15660.6   1619.8   1288.2   2147.0 2001  5 22 23 41 35.100 2.2   1
     3558  28.135363  103.599731    -1.788    29398.1  -240668.2     2825.6   3410.2   3137.9   3955.5 2001  5 23  2 28 37.200 3.3   1
     3564  29.269547  103.065575    20.815   -22664.4  -114177.3    21882.3   1312.1   1738.7   2650.4 2001  5 23 11  1 11.800 2.0   1
     3591  31.018171  103.287521    16.254    -1186.0    79651.0    16753.0   1376.7   1311.1   1791.3 2001  5 24  4 47 28.800 1.4   1
     3669  29.464167  102.919907    22.434   -36668.5   -92548.5    23214.4   1341.2   1925.1   3371.6 2001  5 27  0 35  0.100 2.8   1
     3705  30.671515  102.890541     0.231   -39158.4    41379.0      485.6   1668.2   1789.5   2110.0 2001  5 28  8  0 35.800 2.8   1
     3742  29.424797  101.083252     6.218  -214430.4   -95126.3    10542.7   1282.6    998.3   2773.1 2001  5 29 21 25 58.700 2.4   1
     3751  29.419504  101.114746     2.296  -211526.7   -95832.4     6531.4   1326.3   1007.4   2568.0 2001  5 30  2 26 18.300 2.8   1
     3783  31.812080  103.295372     2.281     -437.6   168055.6     4499.0    966.1   1181.3   2229.1 2001  5 31  3 51 33.500 1.8   1
     3791  29.421885  101.104782     1.370  -212517.0   -95563.2     5633.3   1469.3   1006.7   1422.7 2001  5 31 11 22 41.000 3.0   1
     3869  29.471313  101.055504    -3.398  -217341.8   -90043.7      944.3   1315.9   1096.2   2062.7 2001  6  3  0 44 53.300 3.1   1
     3915  29.794874  102.412796     4.226   -85551.3   -55795.5     5045.1   1684.0   1276.6   2331.6 2001  6  4 15 27 31.100 2.1   1
     3918  31.142351  103.953117    11.213    62046.0    93674.8    12205.7   2154.9   1704.3   2602.3 2001  6  4 17 57 30.000 2.0   1
     3931  29.792902  102.393356     2.089   -87456.8   -56018.2     2936.2   1640.8   1473.7   2412.9 2001  6  5  2 34 25.400 2.1   1
     3967  30.434097  102.497635     6.180   -76848.1    15167.7     6661.7   1172.8   1336.2   1937.9 2001  6  6 11 52  8.900 2.2   1
     3992  29.425074  101.105766    -0.485  -212477.1   -95238.2     3770.7   1332.8    840.9   1075.3 2001  6  7  6 59 23.200 3.0   1
     4050  29.041565  102.466690    10.631   -80871.1  -139390.2    12672.9   1549.8   2353.6   3869.2 2001  6  9  6  9 21.100 2.2   1
     4065  29.416880  101.118721    -1.353  -211269.2   -96186.2     2876.2   1408.9    929.2   1295.4 2001  6 10  0 10 19.900 3.1   1
     4100  31.510303  102.436447    12.603   -81698.6   134613.7    14552.9   1057.0   1194.1   2041.2 2001  6 11 10 55  8.500 2.4   1
     4128  31.219982  103.334633    16.001     3285.2   102036.0    16820.9   1353.7   1073.2   2858.2 2001  6 13  6 34 37.100 2.0   1
     4172  30.730644  101.691521     4.074  -153621.7    48942.1     6115.9   1965.5   1752.2   2966.0 2001  6 14 16 52 50.500 2.3   1
     4177  30.727232  101.687378    11.561  -153840.7    48511.4    13607.3   2032.9   1673.0   3799.6 2001  6 14 22 48  5.800 1.8   1
     4211  30.634222  103.106293    15.536   -18488.1    37088.5    15671.3   1292.5   1518.3   2067.5 2001  6 16  7 41 57.300 1.8   1
     4260  31.380768  103.195656     4.273    -9898.6   120092.3     5413.0    910.5   1200.7   3166.2 2001  6 18  5 49 11.900 1.9   1
     4290  30.136492  102.535568    10.707   -73385.7   -17904.0    11155.4   1633.1   1436.7   3261.3 2001  6 20  5 19 58.400 2.1   1
     4359  29.768475  102.385338    29.575   -87871.0   -58473.9    30453.7   2450.0   1995.9   3232.3 2001  6 23 10 16 13.200 1.7   1
     4411  29.404337  101.068428    -1.202  -216159.1   -97483.9     3211.9   1573.5    957.0   1270.0 2001  6 25  1 10 45.300 2.7   1
     4417  31.418812  103.849411    13.546    52023.3   124259.4    14973.8   1145.9   1158.1   1701.2 2001  6 25  6 31 37.100 2.5   1
     4649  32.280811  103.754372    -2.239    42729.5   220374.6     1715.6   2533.3   2975.9   2516.7 2001  7  5 13 15 47.900 2.8   1
     4668  28.719212  102.656181    19.919   -62585.4  -175026.7    22639.2   2123.2   3176.0   4306.8 2001  7  6 21 27 11.500 2.1   1
     4684  29.438786  101.090408    -0.535  -213936.5   -93685.8     3747.3   1297.2   1072.9   1269.3 2001  7  7 15 48 47.700 3.0   1
     4689  29.438881  101.073074     3.452  -215478.6   -93583.7     7786.6   1109.7    816.8   1635.0 2001  7  7 17 28 57.400 2.8   1
     4738  29.829964  101.263954     8.767  -196089.9   -50435.3    11989.5   2260.8   2064.3   3542.6 2001  7  9  1 56 10.300 2.7   1
     4799  30.510910  103.249115     2.923    -4872.6    23442.1     2967.9   1327.6   1066.7   1548.5 2001  7 12  1  8 15.800 2.4   1
     4821  30.006220  102.344727    16.247   -91745.4   -32197.7    16990.8   1638.2   1114.5   2209.4 2001  7 12 21 54 38.800 3.2   1
     4827  31.799332  104.034904    14.447    69292.3   166545.1    17006.7   2141.7   1846.7   2069.6 2001  7 12 23 49 25.500 1.9   1
     4847  30.094343  102.998970     0.995   -28956.5   -22826.0     1101.8   1107.1    781.6   1092.4 2001  7 13 18  7 47.900 2.5   1
     4889  31.652771  102.747559     7.657   -52226.7   150353.0     9648.4   1268.2   1900.3   4907.9 2001  7 15 11  5 25.300 1.8   1
     4914  31.588713  104.115074    10.012    77079.2   143337.4    12094.1   1596.9   2615.3   2386.5 2001  7 16  2  4 47.800 2.1   1
     4934  31.089184  103.143822    14.123   -14839.1    87565.8    14743.8   1141.7   1342.8   2512.5 2001  7 16 18  5 15.900 2.1   1
     4978  31.447653  103.984756     4.276    64912.2   127714.2     5887.6   1381.9   1190.3   2259.5 2001  7 18 20 11  7.200 3.1   1
     4991  29.432283  101.080528     8.376  -214605.5   -94258.0    12694.5   1655.0   1264.3   2817.5 2001  7 19 10 49 23.900 2.7   1
     5025  31.675657  103.164742    18.207   -12762.8   152521.6    20050.8   1072.7   1574.4   2051.3 2001  7 20  9 47 22.500 1.9   1
     5157  29.771698  102.306007    13.513   -95729.8   -58200.0    14499.9   3560.4   1464.2   4238.5 2001  7 25 15 29 31.000 1.8   1
     5191  29.428686  101.083206     1.020  -214602.0   -94771.8     5341.4   1407.9   1231.9   1405.5 2001  7 26 18 21 33.900 3.2   1
     5208  28.856432  103.627335     6.467    31846.3  -160291.5     8565.9   2633.3   2264.9   5170.1 2001  7 27  3 27 19.000 3.4   1
     5245  29.430470  101.107063     0.038  -212322.7   -94632.9     4280.6   1558.7   1018.2   1636.3 2001  7 29  1 28 50.700 2.5   1
     5255  32.005486  103.383118     7.755     7827.8   189385.0    10578.6   1346.0   1629.8   2844.7 2001  7 29  8 24  3.100 2.5   1
     5257  31.246378  103.337372    17.136     3543.0   104944.8    18004.1   1129.5    962.2   1713.8 2001  7 29  9 22 10.900 3.1   1
     5291  29.144464  103.586731    -1.719    27853.7  -128480.2     -362.4   1331.3   1142.2   2106.4 2001  7 31  3 47 25.300 2.6   1
     5299  29.985617  103.095009     5.788   -19725.5   -34908.2     5913.8   1244.9    967.9   2814.6 2001  7 31 11 18  9.900 2.2   1
     5328  31.179705  103.689972    -0.479    37101.5    97885.7      380.9   1974.1   1549.0   2110.5 2001  8  2 14 48  8.200 1.8   1
     5332  31.531288  102.999451    -0.009   -28485.3   136940.1     1526.6    971.4   1258.5   1859.9 2001  8  2 16 47 25.300 1.9   1
     5388  29.444576  101.094978    10.886  -213099.5   -92883.8    15135.3   2197.9   1931.2   5363.7 2001  8  5 13 59 22.700 3.0   1
     5394  30.625595  102.870636     1.805   -41072.0    36271.5     2041.0    988.5   1374.7   2143.1 2001  8  5 20 34 43.200 1.8   1
     5407  31.602139  103.081680    -0.612   -20678.2   144812.1     1067.5    998.0   1532.5   1762.6 2001  8  6  2 34 55.000 2.5   1
     5420  29.977209  101.671288    13.936  -156513.1   -34691.7    15957.7   2045.9   2038.4   4554.1 2001  8  7  6 37  3.200 2.4   1
     5461  30.355656  103.293678     0.063     -607.0     6188.3       66.1   1785.8   1373.9   2116.7 2001  8  9 15 50 18.500 2.6   1
     5614  30.454752  101.635376     1.653  -159495.8    18371.9     3677.2   3110.8   1349.0   2444.3 2001  8 14  2 48 42.900 2.3   1
     5655  31.608681  103.087067     7.153   -20141.4   145361.4     8845.7    952.7   1282.4   3778.1 2001  8 15 14 57  3.800 1.8   1
     5748  31.246349  103.324226     8.851     2299.9   105078.3     9719.1    956.8    883.8   2060.3 2001  8 19 10 47  5.400 2.3   1
     5749  31.252859  103.322334    11.880     2118.8   105750.6    12759.5   1239.2   1137.1   4214.1 2001  8 19 11  5 20.900 1.7   1
     5754  31.621542  103.086411     3.967   -20211.3   146862.9     5693.3    950.4   1586.4   2423.5 2001  8 19 22 42 59.300 1.7   1
     5755  32.015881  102.918251     7.163   -35951.2   190614.1    10119.6   1395.7   2093.6   2983.4 2001  8 19 23 27 41.500 2.7   1
     5890  31.541227  102.384445    -0.570   -86768.8   138369.0     1524.1   1432.1   1481.7   1893.9 2001  8 25  3 13 21.400 2.3   1
     5900  29.450966  101.123779     9.182  -210360.4   -92252.9    13329.7   1448.0    961.6   2416.8 2001  8 25 10  7  5.300 2.5   1
     6000  30.523146  101.588478    -0.797  -163935.9    26050.9     1365.2   2336.6   2173.4   2143.4 2001  8 30 16 39  8.100 2.6   1
     6021  29.910740  102.787811     7.408   -49309.0   -43122.0     7745.6   1932.8   1734.1   3412.8 2001  8 31 23 17 29.900 3.6   1
     6022  30.464848  101.597916     1.262  -163076.9    19548.3     3379.4   1698.6   1393.7   1723.3 2001  9  1  0 33 19.500 2.2   1
     6026  29.892170  102.796585     7.167   -48475.3   -45189.9     7512.2   1597.6   2352.7   3507.4 2001  9  1  3 56 18.900 2.2   1
     6037  31.738056  103.863510    10.769    53198.4   159748.9    12998.0   1379.7   1751.4   1563.6 2001  9  2  1  5 41.100 2.1   1
     6038  31.486588  104.389053    -3.162   103312.3   132493.7     -947.2   1755.4   2165.6   2287.2 2001  9  2  2 30 42.500 2.4   1
     6074  30.451593  101.587425    13.094  -163799.2    18056.7    15229.9   1744.7   1410.7   2193.4 2001  9  2 21 33 52.100 2.4   1
     6087  31.205881  103.483688    -0.381    17470.8   100745.1      439.6   1160.1    893.0   1543.5 2001  9  3  7 33 11.500 2.0   1
     6120  30.447598  101.603851    -2.483  -162633.0    17632.8     -383.7   1991.8   1476.7   1979.6 2001  9  5 10 58  3.000 3.5   1
     6154  30.442816  101.592506     5.013  -163535.5    17097.3     7136.6   2329.7   2049.7   3912.0 2001  9  7  0 53 40.000 2.6   1
     6192  30.392195  101.589516     7.063  -163854.2    11473.8     9183.3   2472.3   1922.0   4255.6 2001  9  8  3 38 44.000 2.0   1
     6193  30.457708  101.591721     8.900  -163486.2    18741.4    11028.9   1985.0   1672.5   2993.9 2001  9  8  4 32 55.300 2.1   1
     6195  30.406603  101.577934    -2.347  -165183.0    13110.3     -192.6   1967.1   1347.2   1278.8 2001  9  8  5 14 27.200 2.1   1
     6200  30.457020  101.574783    13.122  -164998.0    18676.8    15290.5   1791.1   1135.9   1597.8 2001  9  8  9 45  9.900 2.8   1
     6214  30.439774  101.578911    12.160  -164657.8    16760.1    14314.5   1870.0   1305.7   1830.5 2001  9  9  3 43 48.900 2.3   1
     6218  30.455332  101.560837    11.518  -166376.4    18514.8    13721.6   2103.5   1762.4   3411.9 2001  9  9  7 46 20.000 3.3   1
     6261  30.610746  103.101234    10.665   -18989.9    34511.8    10786.8   1167.2   1384.9   1849.5 2001  9 10 16 40 46.200 2.2   1
     6307  31.658609  103.092369    13.081   -19611.7   150763.7    14899.3    936.7   1453.0   3255.5 2001  9 12 14 10 56.100 1.6   1
     6312  29.405745  101.088211    15.966  -213663.2   -97102.8    20300.8   1462.3   1242.3   1642.5 2001  9 12 16 38 27.100 3.2   1
     6466  28.725313  102.198158     5.453  -107342.5  -174404.5     8748.5   1741.1   2185.4   2915.7 2001  9 17 20 56  5.900 2.3   1
     6502  28.741829  102.181198    13.553  -108838.8  -172334.8    16821.6   1679.9   1747.5   2559.3 2001  9 18 18  1 29.200 2.4   1
     6526  31.617172  102.390823    10.063   -85949.9   146562.4    12332.9   1153.5   1190.2   2563.7 2001  9 18 22  0 39.700 2.0   1
     6540  29.532803  102.024780     3.341  -123299.7   -84569.0     5096.7   2093.6   1924.5   2408.1 2001  9 19  3  4 51.100 1.9   1
     6667  31.726906  102.775597    13.314   -49492.5   158430.6    15481.1   1424.3   2847.8   4761.7 2001  9 21  2 18 35.600 3.0   1
     6696  28.791248  102.188820     6.735  -108162.7  -167039.8     9847.0   1555.7   1784.3   3151.0 2001  9 21 14 25 19.500 2.5   1
     6713  30.575550  102.867065     0.628   -41442.0    30715.5      837.2   1181.4   1283.6   1474.4 2001  9 21 18 29 59.800 1.9   1
     6765  31.997702  101.959534     6.337  -126269.7   189305.6    10405.8   1917.2   2920.8   3560.9 2001  9 23  6 34 47.500 3.9   1
     6801  30.946306  103.374214    14.314     7061.3    71704.9    14722.1   1526.2   1253.3   1865.4 2001  9 24  8 18  0.500 3.2   1
     6841  31.471640  104.386711     2.616   103013.1   130710.6     4791.1   1874.9   2009.1   2644.7 2001  9 25  8 11  2.600 2.4   1
     6877  29.909662  102.760330     4.305   -51979.8   -43250.4     4664.4   1624.7   1261.8   2697.5 2001  9 26  6 48 14.100 2.6   1
     6929  29.322201  103.018242     4.293   -27297.4  -108613.9     5278.4   1581.3   1945.6   2612.7 2001  9 27 19 56 10.400 1.7   1
     6938  28.324289  104.691994    -3.311   136308.4  -218924.1     1907.8   3964.3   3456.0   2965.2 2001  9 28  6 31 34.400 4.3   1
     6963  29.921816  101.971512     6.061  -127897.1   -41263.8     7480.1   1994.9   1549.5   2821.2 2001  9 28 22 37 47.000 2.1   1
     6964  29.932659  101.996643    23.191  -125127.3   -39979.5    24550.3   1668.6   1286.6   2311.3 2001  9 28 22 58 35.600 2.2   1
     6979  29.921856  101.976204    12.131  -127324.1   -41225.3    13539.5   2087.9   1462.8   2693.4 2001  9 29  8 33 36.800 2.2   1
     7013  29.929390  102.022736    22.573  -122638.4   -40373.9    23886.5   2149.3   1399.4   2682.7 2001  9 30  1 37 54.000 2.1   1
     7150  31.708113  102.776978     3.588   -49447.9   156584.3     5706.0   1154.3   1789.7   3180.2 2001 10  5 11 59  6.700 1.7   1
     7158  29.460484  102.016563    12.239  -124009.2   -92466.5    14120.9   1636.4   1919.6   3324.8 2001 10  5 18 30 29.500 2.6   1
     7194  29.431614  101.970749    -3.944  -128798.2   -95862.4    -1921.6   1837.0   1779.7   2091.7 2001 10  9  0 51 37.100 2.5   1
     7195  29.435787  101.130913    -1.383  -210051.0   -94107.2     2775.1   1410.8   1170.4   1755.2 2001 10  9  1 32 21.000 3.0   1
     7259  30.181150  102.572563    11.185   -69797.3   -12968.7    11581.1   1328.5   1134.3   2184.9 2001 10 12 21  5 18.600 2.8   1
     7278  30.147339  101.987526    14.905  -125893.6   -16208.1    16172.8   1778.4   1611.2   2570.6 2001 10 13 18 34 32.300 2.4   1
     7298  30.192299  102.568855    10.333   -70154.6   -11731.0    10730.4   1307.2   1244.1   2351.3 2001 10 14 15 41 23.200 2.9   1
     7299  30.176405  102.568306     8.760   -70236.7   -13498.1     9162.4   1883.6   1471.0   2859.2 2001 10 14 15 42 35.500 2.3   1
     7335  30.147495  102.923943     8.294   -36112.1   -16876.1     8419.0   1787.4   1109.0   2745.6 2001 10 15 19 45 11.900 2.5   1
     7355  28.995478  101.991005    20.496  -126889.2  -143845.6    23393.7   1797.3   2410.7   3251.6 2001 10 16 17  6 24.100 2.2   1
     7392  31.990068  102.958702     6.286   -32155.7   187762.4     9137.0   1049.2   1707.2   2729.3 2001 10 18 15 57 32.100 2.0   1
     7400  31.688103  101.734497    -0.263  -148112.2   155362.0     3354.2   2365.3   2356.0   2338.7 2001 10 18 20 19 57.000 2.8   1
     7448  29.366156  103.159630     4.214   -13593.3  -103757.0     5074.0   1436.8   1679.7   1777.5 2001 10 20  7  3 47.900 2.1   1
     7453  28.773542  102.238205    14.858  -103240.9  -168835.8    17939.9   2043.1   1998.1   3380.7 2001 10 20  7 37 11.300 2.4   1
     7543  30.744249  100.548248     4.131  -262706.3    52549.0     9769.8   2029.4   3025.8   3389.0 2001 10 22 23  6 53.900 2.7   1
     7551  29.554024  103.112267     9.457   -18131.8   -82808.1    10021.8   1148.3   1614.0   2781.6 2001 10 23 10 33 54.800 1.9   1
     7564  29.545332  103.185722    10.972   -11035.3   -83762.7    11533.4   1246.6   1536.1   2504.5 2001 10 23 18 31 58.500 2.0   1
     7576  29.432545  100.991501     0.065  -223500.6   -94180.1     4682.9   1187.4    830.7   1591.0 2001 10 24  9 19 51.100 2.6   1
     7631  29.656736  103.232025    18.621    -6548.9   -71315.3    19024.5   1537.9   1444.8   1739.7 2001 10 26  3 29 39.800 2.9   1
     7735  31.766479  101.230354    18.277  -195056.4   164357.0    23399.4   1439.4   2526.4   3518.4 2001 10 28 10 14 20.400 2.7   1
     7761  29.684662  103.239693     7.129    -5819.4   -68343.1     7498.7   1363.1   1308.5   1606.2 2001 10 28 21 48 23.200 3.1   1
     7835  31.458981  103.998672    -1.015    66278.9   129087.9      637.0    907.6   1391.2   1820.6 2001 10 31  2 59 20.400 1.9   1
     7878  29.249090  102.940338     2.222   -34881.7  -116753.4     3387.8   1338.8   1705.1   1592.7 2001 12  1 16  6 57.900 1.8   1
     7886  30.465714  102.341522     5.135   -91784.8    18799.0     5824.2   1383.2   1598.8   1850.9 2001 12  2  0  9 47.200 1.6   1
     7901  29.651743  102.075050    18.875  -118011.8   -71231.3    20370.9   2038.1   1370.1   3561.1 2001 12  2 15  0 16.000 2.3   1
     8016  29.642529  102.064064     3.385  -119371.2   -72417.6     4915.7   1929.8   1512.6   1907.8 2001 12  5  0 49 18.000 1.8   1
     8029  31.401871  103.351746     8.096     4905.1   122359.7     9274.4   2979.8   2508.2   7373.6 2001 12  5  8 27 28.600 1.3   1
     8059  29.038795  104.774483     7.873   143150.9  -139125.4    11004.5   3063.1   3490.1   3234.2 2001 12  6  3  4 37.100 3.8   1
     8135  29.347404  104.146599    10.851    81913.9  -105433.2    12252.1   2410.1   2276.2   3082.1 2001 12  8  9  0 15.400 3.3   1
     8159  30.249949  102.001648    -2.251  -124745.1    -4854.6    -1028.5   2321.8   1996.6   1849.8 2001 12  8 22 10 13.600 2.1   1
     8188  29.545387  101.986313     3.144  -127006.8   -83130.6     4953.0   2291.9   1645.4   3186.0 2001 12 10  2 31  6.400 2.7   1
     8196  30.239532  101.991936     0.454  -125638.1    -5999.9     1695.8   2505.5   2210.4   2254.5 2001 12 10  7 50 36.200 1.9   1
     8419  30.051313  103.157890     7.369   -13661.6   -27612.3     7443.6   1662.9   1106.6   2418.8 2001 12 14 23 49 49.200 2.0   1
     8481  31.761982  101.914955     3.744  -130856.3   163249.6     7182.1   2182.7   2209.2   3527.1 2001 12 16  2 48 19.100 2.3   1
     8493  31.764950  101.908943    10.527  -131279.4   163412.0    13982.0   2220.7   2264.2   2556.7 2001 12 16  8 35 37.100 2.4   1
     8607  31.241674  103.249619     3.395    -4786.8   104649.6     4256.7    871.3    993.4   1655.5 2001 12 20  4 42 27.400 1.8   1
     8631  31.531500  102.382660     2.344   -86907.7   137226.3     4415.4   1347.9   1325.5   2088.2 2001 12 21  4 52 30.900 1.9   1
     8676  31.716803  103.201591    16.104    -9285.1   157130.8    18053.8   1323.9   1689.2   2432.6 2001 12 22 11 32  5.400 1.4   1
     8746  29.475525  102.075172     2.985  -118502.1   -90992.5     4738.2   1998.2   1944.5   3008.5 2001 12 24  1 33 18.400 2.2   1
     8783  31.238905  103.313911     4.302     1321.9   104325.9     5156.5    880.6    994.2   1786.6 2001 12 25  5 15 20.800 2.5   1
     8788  29.478260  100.983192     1.281  -224160.1   -89064.9     5849.1   1049.7    828.7   1631.4 2001 12 25  7 48 41.200 2.5   1
     8849  30.230001  103.474312    16.078    16704.5    -7751.2    16105.1   2389.4   1626.7   2452.9 2001 12 27  4 47 37.600 2.0   1
     8861  30.511667  103.066795    13.956   -22291.4    23507.5    14038.6   1321.3   1246.8   1927.7 2001 12 27 17 19 52.800 3.3   1
     8863  30.516924  103.059303    14.481   -23004.0    24090.1    14568.3   1456.7   1203.8   1832.1 2001 12 27 18  1 39.300 3.0   1
