   620126  30.362127  103.085838     3.778   -20535.1     6923.4     3815.3   8419.6  13013.6  14003.1 2001 12 27  9 19 52.800 0.0   1
   620149  30.087769  103.423500    21.598    11842.1   -23512.5    21652.8  10156.9   5802.3  12035.6 2002  7  3 23 48 54.500 0.0   1
   620163  30.070000  102.080002    -0.000  -117391.4   -24944.2     1130.5      0.0      0.0      0.0 2002  9 13  5 36 42.700 0.0   1
   620175  31.035860  103.437523     4.004    13094.7    81777.9     4542.4   6961.3   4848.6   8477.9 2002 11 16 16 17 59.200 0.0   1
   620203  31.217529  103.500969    -2.037    19117.5   102069.3    -1190.9      0.0      0.0      0.0 2003  5  5 18 59 58.200 0.0   1
   620267  30.290005  102.449989    -0.000   -81610.3     -806.3      522.8      0.0      0.0      0.0 2003 10 24 11 36 19.800 0.0   1
      137  29.137936  103.708176     9.313    39584.7  -128946.7    10742.8   2648.7   2555.3   2766.6 2001  1  7  7 49 58.600 2.9   1
      138  29.137762  103.706467     9.471    39418.1  -128963.4    10900.2   3809.4   2182.0   3671.4 2001  1  7  7 53 11.100 2.3   1
      153  31.530714  104.052742     3.923    71297.3   136990.5     5796.3   7730.2   6190.8   7810.2 2001  1  8  2  2 37.400 2.1   1
      191  29.383303  101.133003    -0.000  -209911.5   -99924.9     4243.1      0.0      0.0      0.0 2001  1  9 13  5  2.200 3.4   1
      293  29.916700  103.116989    -0.000   -17637.8   -42606.4      166.9      0.0      0.0      0.0 2001  1 12 15 53 18.400 2.4   1
      322  31.432131  102.501144    16.219   -75598.5   125824.1    17914.9   2050.5   2027.4   3277.2 2001  1 13 20 39 56.500 2.8   1
      354  31.142473  103.756226    11.680    43338.7    93590.5    12516.8   4416.3   3501.8   6016.0 2001  1 14 17 41 38.100 2.4   1
      356  31.169149  103.753334     8.823    43071.2    96593.1     9702.3   6810.1   4612.5   8747.5 2001  1 14 18 20 23.100 2.0   1
      374  31.753761  103.742409     7.434    41781.4   161525.9     9621.2   8642.0   9376.5  16553.2 2001  1 15  8 54  9.100 1.8   1
      381  31.171692  103.767883    11.035    44437.1    96847.4    11928.0  10399.3   6958.7  11180.2 2001  1 15 18 34 30.800 2.0   1
      401  31.553480  102.409279    17.070   -84170.6   139325.7    19155.5   3683.1   4157.8  11305.3 2001  1 17  5 21 39.100 1.9   1
      405  29.531391  100.951622    11.732  -226721.1   -82960.9    16316.2   8305.7   6062.9  28229.8 2001  1 17  9  7 19.400 2.6   1
      500  31.153343  103.781540    12.746    45730.6    94790.9    13617.1   7556.6   3313.9   4791.9 2001  1 21  8 16 31.600 2.8   1
      504  31.128902  103.812996    20.380    48671.7    91981.2    21232.3   5948.3   5129.3   7905.6 2001  1 21 13  8 44.500 2.9   1
      510  31.147039  103.778030     6.035    45448.1    94189.1     6894.4   5268.2   3964.6   9549.2 2001  1 21 14 25 45.400 2.1   1
      528  31.131527  103.833755     9.165    50729.8    92444.4    10039.4   6875.2   6969.8  11489.7 2001  1 22  3  3 47.600 2.5   1
      584  29.495346  100.981857     5.748  -224094.8   -87102.5    10290.7   6041.7   4439.7  10260.6 2001  1 25  0 31 21.400 3.1   1
      665  30.942936  103.135841    16.978   -15613.9    71310.0    17397.5   6310.2   4674.4  12643.9 2001  1 29  4 14 37.300 3.0   1
      699  30.418688  101.996811     5.925  -124834.4    13901.3     7164.5   6902.2   8597.7  26215.3 2001  1 31 17 23  9.600 2.2   1
      732  29.512384  103.209755     5.555    -8725.2   -87496.4     6162.1   1864.4   2676.8   6204.0 2001  2  2 14 42 34.500 2.6   1
      821  30.620653  103.041809     8.840   -24671.4    35633.0     8987.3   5594.7   5123.1  11376.3 2001  2  9 11 33 16.600 2.1   1
      822  30.404530  102.656540     5.040   -61659.4    11788.2     5350.0   4178.2   3649.6   9459.3 2001  2  9 17 44 48.600 2.7   1
      854  29.666702  102.282990    -0.000   -98257.4   -69978.2     1142.1      0.0      0.0      0.0 2001  2 11  6 25 36.200 2.1   1
      895  29.491552  101.032394     7.718  -219151.5   -87595.4    12096.1   5485.4   4143.9  14656.5 2001  2 12 17 55  4.600 2.7   1
      899  29.487808  101.035995     0.509  -219060.1   -88117.6     4886.2   7105.7   6816.6  18822.2 2001  2 12 20 44 50.100 3.3   1
      911  29.491825  101.035591     6.550  -218882.2   -87587.3    10918.2   5205.0   3860.4  19354.4 2001  2 13  1  0  9.400 2.8   1
      924  29.490889  101.002945    10.427  -221903.7   -87574.5    14902.7   5848.7   4337.1  18590.5 2001  2 13 15 32 21.900 2.4   1
      951  29.494356  100.993538     4.513  -223011.5   -87252.2     9018.2   4114.4   3038.7   9362.6 2001  2 14 15 39 59.900 3.0   1
      970  29.512520  100.993614     8.786  -222813.9   -85177.4    13259.8   5128.0   3673.5  12903.9 2001  2 14 17 50 30.900 2.9   1
     1010  29.493109  100.990906     5.192  -223244.8   -87376.4     9707.6   4578.9   3405.8  11588.6 2001  2 15  9 15 58.700 2.7   1
     1035  29.488420  100.998253     6.745  -222490.9   -87889.9    11242.9   4059.2   4060.2  17465.2 2001  2 16  7  3 16.800 2.7   1
     1095  31.230879  103.421631     7.121    11552.0   103394.6     7971.0   6285.5   2772.7  10889.2 2001  2 17 17 43 43.500 2.2   1
     1171  29.490978  101.012444     4.275  -221199.4   -87667.9     8723.1   5303.3   4018.3  11818.6 2001  2 20  8 21 28.400 2.8   1
     1240  29.721052  102.627037    11.048   -64872.2   -64071.0    11702.0   7212.5   5824.7  20424.2 2001  2 22 19  5 56.500 1.8   1
     1247  29.468777  100.954597     4.945  -226816.5   -90010.5     9623.2   4997.9   3496.4  12239.7 2001  2 23  9 34 43.000 3.0   1
     1248  29.492283  101.034164     6.206  -219031.2   -87538.3    10578.6   7002.5   5841.5  11438.0 2001  2 23  9 39 38.000 2.7   1
     1250  29.481514  100.982368     3.855  -224142.2   -88665.8     8419.3   5725.6   5592.7  18351.7 2001  2 23 10 11 51.000 4.2   1
     1264  31.675789  103.796967     8.492    46964.8   152864.4    10501.8   7571.2   6575.9   7970.5 2001  2 23 18 15 11.400 1.9   1
     1277  31.626310  102.973282     5.874   -30905.8   147374.0     7655.1   3111.0   3151.4  13878.7 2001  2 24  0  8 36.000 2.0   1
     1281  29.434505  101.012383    -1.282  -221521.8   -94023.1     3263.3      0.0      0.0      0.0 2001  2 24  2 22 20.000 2.7   1
     1287  29.514545  100.965401     6.219  -225625.0   -84931.3    10785.9   5751.7   3947.8  18826.4 2001  2 25  6 28  9.300 2.0   1
     1311  29.501114  100.989914     3.382  -223386.6   -86509.7     7889.2   3004.4   3770.7  22084.1 2001  2 26  6  4 43.400 3.0   1
     1331  29.483782  101.003235     7.041  -222009.3   -88410.8    11528.7   2798.2   3930.5  18683.9 2001  2 27  2 46 21.800 2.2   1
     1352  29.477383  100.949905     5.169  -227242.8   -89042.1     9849.2   6136.7   6806.3  15165.4 2001  2 27 22 21 48.400 3.2   1
     1439  30.389050  102.641617    10.110   -63048.9    10068.5    10430.5   7306.7   5800.1  12930.8 2001  3  3 15 48  7.200 2.7   1
     1442  30.995628  103.339859     8.392     3794.7    77246.7     8862.5   6110.6   2507.4  13199.1 2001  3  3 17 38  4.500 2.1   1
     1446  29.052418  102.760590    14.941   -52308.7  -138264.3    16660.8   2027.6   4972.4  10160.1 2001  3  3 18 49 32.900 1.9   1
     1453  31.383303  101.166992     0.000  -202433.7   122351.8     4392.5      0.0      0.0      0.0 2001  3  3 23 40 12.500 2.1   1
     1530  29.948965  103.032166    23.221   -25710.5   -38860.3    23392.2   5402.3   2720.2  11545.6 2001  3  7  0  9 22.000 2.0   1
     1585  31.582880  102.455498    11.932   -79842.8   142667.5    14034.1   6160.8   4870.1  13425.5 2001  3  8 19 33 41.300 2.1   1
     1644  30.474754  103.302521     4.991      241.4    19416.1     5020.4   5407.2   3886.0  17624.1 2001  3 11 16 37 23.400 2.3   1
     1651  29.418036  101.029953    -2.866  -219911.7   -95912.3     1650.9      0.0      0.0      0.0 2001  3 11 22 32  4.200 3.5   1
     1684  30.466702  101.566994    -0.000  -166068.3    19803.4     2195.5      0.0      0.0      0.0 2001  3 13 18 37  8.400 2.0   1
     1723  29.303728  104.310616     7.046    97882.2  -110216.7     8753.5   6828.1   9947.8  16579.8 2001  3 15  8 17 45.300 2.6   1
     1910  31.628424  102.398781     9.981   -85189.3   147807.1    12269.1   2706.7   3112.2   8146.1 2001  3 24  2 29 21.700 2.0   1
     1932  29.490250  100.989281     2.974  -223486.3   -87721.2     7501.6   5155.3   3696.3  16901.7 2001  3 25  0 23 17.500 2.8   1
     1997  29.262819  101.848930     3.766  -140663.0  -114356.3     6346.9   4477.5   5319.7  20068.5 2001  3 26 12 47 28.600 2.9   1
     2135  29.530642  100.997749     7.849  -222408.2   -83186.3    12281.0  11540.7   7268.4  27838.3 2001  3 30 10 28 13.200 2.7   1
     2138  29.530056  100.964813     6.694  -225630.5   -83201.4    11239.2   9256.8   2995.5  12434.1 2001  3 30 15 38 13.900 2.8   1
     2165  29.559969  103.306343    10.870      612.8   -82144.9    11400.2   2193.9   3285.8   5105.2 2001  3 31 23 22 22.200 1.9   1
     2244  31.656685  103.961647    10.021    62524.7   150786.8    12115.8   9376.0   7653.3   7098.3 2001  4  4  4 20 10.900 2.2   1
     2248  29.479637  101.012909    10.979  -220946.6   -88834.9    15439.3   5248.9   5409.2  24374.1 2001  4  4  9 20 16.800 2.9   1
     2257  29.500362  101.029633    -1.952  -219733.0   -86743.2     2428.0      0.0      0.0      0.0 2001  4  4 18 55 26.900 3.4   1
     2286  29.483301  101.082993    -0.000  -214541.4   -88715.4     4231.4      0.0      0.0      0.0 2001  4  6 13  2  7.800 3.4   1
     2301  30.473780  101.609398     4.346  -161883.8    20515.1     6437.2   6010.4   5615.6  15769.6 2001  4  7  0 37 51.400 2.3   1
     2323  29.707136  102.592209    11.383   -68234.8   -65591.9    12086.9   3400.1   3003.9  11430.6 2001  4  7 20 34 24.800 2.0   1
     2329  29.484394  101.029106    -0.500  -219768.6   -88497.9     3905.9      0.0      0.0      0.0 2001  4  7 22 36 39.000 2.5   1
     2330  29.524023  100.993736    11.594  -222678.8   -83864.0    16047.4   6028.9   6011.5  33018.7 2001  4  7 23 46 29.000 2.7   1
     2336  29.518145  101.037498    11.442  -218473.5   -84602.9    15758.8   8645.8   7155.9  13654.6 2001  4  8  2 22 17.100 2.8   1
     2339  32.207249  103.532364    10.768    21825.0   211700.7    14329.8  10056.6  10540.3  30991.8 2001  4  8  6 23  0.400 2.0   1
     2367  29.700003  102.083000    -0.000  -117538.3   -66085.8     1427.1      0.0      0.0      0.0 2001  4  9  1 56 51.300 1.9   1
     2381  29.454105  103.433449    12.380    12895.7   -93865.4    13086.3   4437.2   3821.0   7144.3 2001  4  9 14 35 11.900 2.1   1
     2403  30.888878  103.138985    17.928   -15321.0    65305.4    18282.4   5969.5   9455.6   7783.8 2001  4 10 19 29 52.800 2.8   1
     2432  31.159737  103.684067     2.405    36530.8    95620.0     3227.6   5946.2   4935.1  12729.8 2001  4 11 17 16 58.500 2.0   1
     2434  31.407219  103.857445    18.468    52749.0   122881.5    19876.0   8425.2   6513.4  10447.4 2001  4 11 18 30 18.600 1.9   1
     2491  30.054329  102.836349     8.789   -44561.9   -27188.8     9003.4   4379.4   3135.0   9869.1 2001  4 14 11 29 43.400 2.1   1
     2562  30.616385  102.419006    13.003   -84130.1    35434.6    13658.8   4418.0   3798.8   7299.4 2001  4 17 22 15 44.600 1.7   1
     2566  29.999485  101.731171    16.804  -150657.5   -32286.8    18671.9  10291.8   3041.7  20989.9 2001  4 18  8 36 37.300 2.5   1
     2601  30.677214  102.800125    21.057   -47646.2    41910.1    21373.7   5117.1   2376.5  14323.7 2001  4 19 18 50 12.000 1.7   1
     2632  31.583303  103.266998    -0.000    -3126.4   142685.0     1598.8      0.0      0.0      0.0 2001  4 21  2 38 56.800 2.0   1
     2759  29.722128  102.940781    -0.895   -34693.0   -64209.4     -477.5      0.0      0.0      0.0 2001  4 25 11  1 18.900 2.2   1
     2838  30.716703  103.483002    -0.000    17493.7    46348.7      192.6      0.0      0.0      0.0 2001  4 28 15 16  3.300 3.0   1
     2999  31.506964  103.918755    13.678    58531.9   134069.1    15361.2   4964.7   6215.3   9709.2 2001  5  4 23 16 54.100 2.3   1
     3020  29.449392  101.068985     4.239  -215824.6   -92396.7     8568.5   2782.4   2601.7   8005.7 2001  5  5 13 27  0.200 2.5   1
     3132  29.092245  102.429230    18.995   -84353.5  -133562.7    20959.4   2368.4   2589.4   3317.1 2001  5  8 15 45 47.600 2.3   1
     3152  29.477909  100.974167     7.184  -224824.9   -89003.9    11779.5   4028.5   4303.9  10683.0 2001  5  9  7 19 17.200 2.8   1
     3263  29.945024  103.162430    -0.430   -13255.2   -39465.6     -293.7      0.0      0.0      0.0 2001  5 14  3 57 37.000 2.5   1
     3425  29.118093  102.395645    17.007   -87613.1  -130713.0    18956.3   6292.6   9136.7  14193.5 2001  5 19 17 57  9.600 2.0   1
     3431  29.518188  100.969559     8.641  -225129.1   -84502.7    13187.1   5212.8   4939.9  27540.3 2001  5 20  2 58  7.200 2.3   1
     3441  32.131851  101.509712     7.899  -168342.3   204732.0    13422.0   6512.5   7245.4   9799.1 2001  5 20 11 50 47.900 3.0   1
     3442  32.145226  101.521049    19.698  -166941.8   205817.5    25229.3   5679.5   5970.1  10287.1 2001  5 20 11 52 47.400 2.8   1
     3556  31.450466  102.136406    11.071  -110177.8   128259.5    13319.0   5401.0   5670.3  10993.7 2001  5 22 23 41 35.100 2.2   1
     3564  29.279362  103.013641     5.518   -27749.1  -113350.4     6587.4   1923.3   2091.7   3084.2 2001  5 23 11  1 11.800 2.0   1
     3591  31.055080  103.280609     8.970    -1844.5    83840.3     9522.6   5354.7   6135.2  12101.5 2001  5 24  4 47 28.800 1.4   1
     3669  29.449970  102.874573     9.315   -41132.0   -94300.5    10147.3   2945.8   4106.4  10574.1 2001  5 27  0 35  0.100 2.8   1
     3705  30.699543  102.861755     6.486   -41858.5    44462.0     6779.1   4467.8   4849.1   8215.5 2001  5 28  8  0 35.800 2.8   1
     3783  31.750006  103.266998    -0.000    -3120.8   161216.0     2040.8      0.0      0.0      0.0 2001  5 31  3 51 33.500 1.8   1
     3869  29.433300  101.050003     0.000  -217840.3   -94210.6     4422.4      0.0      0.0      0.0 2001  6  3  0 44 53.300 3.1   1
     3915  29.793350  102.413322     6.885   -85465.8   -55941.9     7704.3   8456.4   6964.8  11251.9 2001  6  4 15 27 31.100 2.1   1
     3918  31.089014  104.007355    18.603    67158.6    87684.1    19563.4   7342.0   9299.7  12982.6 2001  6  4 17 57 30.000 2.0   1
     3931  29.793480  102.390610     9.020   -87625.7   -55891.3     9869.3   3117.6   3883.7   9358.5 2001  6  5  2 34 25.400 2.1   1
     3967  30.429920  102.464798     9.429   -79955.6    14718.7     9948.6   4926.6   4698.2  13067.8 2001  6  6 11 52  8.900 2.2   1
     4050  29.089161  102.470703    13.826   -80404.1  -134043.2    15748.3   2978.6   3240.8   4664.1 2001  6  9  6  9 21.100 2.2   1
     4100  31.516314  102.443329    11.978   -81050.5   135288.7    13934.2   3033.4   3501.6  11121.1 2001  6 11 10 55  8.500 2.4   1
     4128  31.235931  103.347404     9.000     4500.5   103919.9     9850.1   4903.4   3932.9  16025.5 2001  6 13  6 34 37.100 2.0   1
     4177  30.714582  101.699158     2.553  -152953.7    47158.4     4564.7   2771.6   2453.9   7869.3 2001  6 14 22 48  5.800 1.8   1
     4211  30.668383  103.072586     7.001   -21726.0    40938.5     7169.4   7279.8   5836.6  12981.7 2001  6 16  7 41 57.300 1.8   1
     4260  31.420134  103.195496    11.926    -9897.6   124316.3    13148.5   3827.4   3879.5  11706.3 2001  6 18  5 49 11.900 1.9   1
     4290  30.149326  102.497871     9.008   -77015.2   -16458.6     9495.2   5788.3   2577.5  19571.0 2001  6 20  5 19 58.400 2.1   1
     4359  29.760677  102.372002    22.095   -89263.8   -59396.4    23000.8  10575.8   3921.0   7869.4 2001  6 23 10 16 13.200 1.7   1
     4417  31.456915  103.771591    12.838    44641.0   128467.6    14292.3   4881.1   6406.5   7587.6 2001  6 25  6 31 37.100 2.5   1
     4668  28.778934  102.650902    15.512   -63106.4  -168522.8    18060.5   2071.3   4544.3   4048.9 2001  7  6 21 27 11.500 2.1   1
     4738  29.858610  101.283646     6.045  -194221.4   -47309.1     9184.7   6548.9   4160.5  12886.6 2001  7  9  1 56 10.300 2.7   1
     4799  30.530745  103.225418     8.991    -7133.5    25623.3     9046.2   3573.1   2678.5  11428.9 2001  7 12  1  8 15.800 2.4   1
     4821  30.025160  102.345688     3.069   -91826.0   -30160.1     3802.2   4167.9   3602.9  16310.2 2001  7 12 21 54 38.800 3.2   1
     4827  31.882183  103.949684     6.277    61280.7   175910.0     9003.4   9499.4  10719.1  11299.5 2001  7 12 23 49 25.500 1.9   1
     4877  30.454561  101.584251    -0.514  -164449.0    18429.7     1635.5      0.0      0.0      0.0 2001  7 14 18 34 30.600 2.2   1
     4889  31.674831  102.760643    11.890   -50944.0   152695.1    13927.6   2765.3   4470.0  10653.7 2001  7 15 11  5 25.300 1.8   1
     4914  31.614183  104.044426     8.031    70400.6   146164.0    10099.3   6828.7  11047.1  16338.3 2001  7 16  2  4 47.800 2.1   1
     4934  31.123049  103.138977     8.505   -15307.0    91403.8     9180.2   4054.0   4437.1  15462.0 2001  7 16 18  5 15.900 2.1   1
     4978  31.508018  103.953964     6.550    61931.4   134355.3     8269.5   8941.4   6246.1   8975.9 2001  7 18 20 11  7.200 3.1   1
     5025  31.710957  103.160141    13.949   -13201.4   156539.7    15890.3   3925.1   5196.0  11307.9 2001  7 20  9 47 22.500 1.9   1
     5157  29.784157  102.330727     5.077   -93461.9   -56914.0     6017.6   9978.0   6307.5  11196.0 2001  7 25 15 29 31.000 1.8   1
     5191  29.433300  101.067001     0.000  -216195.4   -94243.1     4366.8      0.0      0.0      0.0 2001  7 26 18 21 33.900 3.2   1
     5255  31.971302  103.348213     1.031     4547.1   185784.5     3742.2   8351.1   7960.9  16657.3 2001  7 29  8 24  3.100 2.5   1
     5257  31.257576  103.286140    -1.076    -1317.7   106490.1     -185.6      0.0      0.0      0.0 2001  7 29  9 22 10.900 3.1   1
     5299  30.016701  103.083000    -0.000   -20893.3   -31481.3      112.0      0.0      0.0      0.0 2001  7 31 11 18  9.900 2.2   1
     5332  31.540810  103.014885    11.800   -26969.0   137738.9    13349.4   6317.2   7976.8  23972.7 2001  8  2 16 47 25.300 1.9   1
     5388  29.476679  101.052078    -1.751  -217606.1   -89417.5     2592.8   5104.4   5490.8  20901.8 2001  8  5 13 59 22.700 3.0   1
     5394  30.606972  102.858139    13.067   -42200.3    34145.5    13298.4   2304.8   3879.5  13057.1 2001  8  5 20 34 43.200 1.8   1
     5420  29.985332  101.731499    14.178  -150710.0   -33870.6    16054.9  11112.2   3395.5  18524.0 2001  8  7  6 37  3.200 2.4   1
     5605  28.458113  103.449249    22.963    14537.4  -204025.7    26258.8   8625.8   7077.0  13966.6 2001  8 13 13 52  5.400 2.3   1
     5614  30.453682  101.716881     9.824  -151495.8    18118.0    11654.4  13016.3   6506.8  18573.3 2001  8 14  2 48 42.900 2.3   1
     5655  31.644905  103.088493    11.535   -19985.9   149280.6    13318.4   2879.6   4319.3   9273.0 2001  8 15 14 57  3.800 1.8   1
     5748  31.250202  103.319466    14.940     1845.8   105405.0    15814.5   7591.2   5036.8  16165.6 2001  8 19 10 47  5.400 2.3   1
     5749  31.250004  103.333000     0.000     3136.8   105630.9      876.5      0.0      0.0      0.0 2001  8 19 11  5 20.900 1.7   1
     5754  31.655109  103.086899    10.487   -20137.3   150437.9    12298.6   3700.1   5771.9  12573.9 2001  8 19 22 42 59.300 1.7   1
     5890  31.553230  102.415115     7.987   -83739.0   139492.9    10067.7   1328.5   1357.6   4666.7 2001  8 25  3 13 21.400 2.3   1
     6000  30.472910  101.618690    -0.751  -161124.8    20421.6     1319.0      0.0      0.0      0.0 2001  8 30 16 39  8.100 2.6   1
     6022  30.459311  101.606857     5.727  -162116.4    18907.0     7819.4   2938.0   2113.6   6936.5 2001  9  1  0 33 19.500 2.2   1
     6026  29.899887  102.779938     8.012   -50067.5   -44319.7     8363.4   3058.1   3124.6   8815.5 2001  9  1  3 56 18.900 2.2   1
     6037  31.802380  103.803848     8.325    47551.6   166924.5    10693.0   1712.9   3711.5   4288.2 2001  9  2  1  5 41.100 2.1   1
     6038  31.567608  104.410995    13.080   105033.0   141164.3    15515.5   5122.5   7728.5  18526.4 2001  9  2  2 30 42.500 2.4   1
     6087  31.224100  103.491493    14.806    18166.4   102527.0    15659.1   3223.7   2560.9   4558.3 2001  9  3  7 33 11.500 2.0   1
     6192  30.415146  101.636497     4.561  -159379.7    13961.9     6572.0   8706.4   8078.0  22014.4 2001  9  8  3 38 44.000 2.0   1
     6214  30.450052  101.601715     7.845  -162569.5    17880.0     9947.1   6618.1   6630.4  11665.1 2001  9  9  3 43 48.900 2.3   1
     6261  30.616703  103.083000    -0.000   -20765.8    35235.1      131.3      0.0      0.0      0.0 2001  9 10 16 40 46.200 2.2   1
     6307  31.694471  103.091522    11.094   -19690.0   154790.7    13008.6   3382.6   5195.5  11997.6 2001  9 12 14 10 56.100 1.6   1
     6312  29.453104  101.049156    -1.949  -217946.6   -92035.9     2444.2   4772.3   5006.2  17575.0 2001  9 12 16 38 27.100 3.2   1
     6526  31.588470  102.413376     2.921   -83938.8   143521.1     5092.3   7570.8   7844.3  14828.5 2001  9 18 22  0 39.700 2.0   1
     6696  28.810007  102.198425     9.831  -107155.9  -164885.6    12871.0   3894.6   4475.2   7646.6 2001  9 21 14 25 19.500 2.5   1
     6765  31.952209  102.009666     5.261  -121629.0   184230.7     9089.6   5511.7   7310.0   5099.1 2001  9 23  6 34 47.500 3.9   1
     6801  30.940760  103.364357    18.254     6119.9    71045.0    18653.9   5619.5   2090.9   8364.4 2001  9 24  8 18  0.500 3.2   1
     6877  29.900499  102.753441     4.002   -52651.1   -44267.7     4374.0   3587.6   2396.6   9448.1 2001  9 26  6 48 14.100 2.6   1
     6963  29.931679  101.985725    13.704  -126364.5   -40135.8    15087.0   5090.5   2692.5   8819.1 2001  9 28 22 37 47.000 2.1   1
     6964  29.922188  101.989052    18.839  -125955.6   -41159.3    20221.2   5153.6   2953.7   7192.4 2001  9 28 22 58 35.600 2.2   1
     6979  29.923492  101.988525    15.462  -126071.8   -41035.9    16844.9   9686.7   4264.1  10731.8 2001  9 29  8 33 36.800 2.2   1
     7013  29.926262  102.023987    19.330  -122584.9   -40742.9    20643.8   7653.7   5819.3   9096.6 2001  9 30  1 37 54.000 2.1   1
     7150  31.723070  102.793648     8.212   -47829.7   158124.3    10356.6   3874.1   4689.1  15234.1 2001 10  5 11 59  6.700 1.7   1
     7195  29.401300  101.074631    -1.085  -215561.6   -97831.4     3313.2      0.0      0.0      0.0 2001 10  9  1 32 21.000 3.0   1
     7259  30.197182  102.535210     3.399   -73459.0   -11179.4     3832.6   4847.4   4370.6   7971.5 2001 10 12 21  5 18.600 2.8   1
     7278  30.144548  101.997116    16.594  -124944.7   -16523.9    17843.6   4816.9   2639.7   6329.8 2001 10 13 18 34 32.300 2.4   1
     7298  30.197208  102.517227    -0.252   -75229.3   -11171.2      202.4      0.0      0.0      0.0 2001 10 14 15 41 23.200 2.9   1
     7299  30.151672  102.561256    10.418   -70912.1   -16236.0    10833.8   5116.1   4424.1  16270.2 2001 10 14 15 42 35.500 2.3   1
     7335  30.171909  102.914261     4.989   -37052.2   -14169.0     5112.8   3871.4   2846.6  16742.5 2001 10 15 19 45 11.900 2.5   1
     7355  29.010502  102.017433     8.953  -124535.6  -142468.9    11767.4   6376.5   8160.2  17595.3 2001 10 16 17  6 24.100 2.2   1
     7392  31.940317  102.945831     7.691   -33378.2   182201.8    10387.3   7366.1  10785.5  23259.9 2001 10 18 15 57 32.100 2.0   1
     7453  28.775682  102.252701     8.057  -101938.5  -168791.9    11113.4   6836.3   6498.1  11664.5 2001 10 20  7 37 11.300 2.4   1
     7551  29.517199  103.074501    -1.580   -21825.5   -87040.7     -948.4      0.0      0.0      0.0 2001 10 23 10 33 54.800 1.9   1
     7564  29.515289  103.142082    -2.324   -15286.7   -87274.3    -1707.9      0.0      0.0      0.0 2001 10 23 18 31 58.500 2.0   1
     7576  29.483301  101.032990     0.000  -219377.8   -88619.9     4394.9      0.0      0.0      0.0 2001 10 24  9 19 51.100 2.6   1
     7631  29.674925  103.171394     5.489   -12414.0   -69436.9     5880.0   4933.7   2120.1   8824.0 2001 10 26  3 29 39.800 2.9   1
     7735  31.710735  101.282013    -0.567  -190868.5   158560.4     4266.9   2997.9   3582.2  19157.3 2001 10 28 10 14 20.400 2.7   1
     7761  29.678179  103.195885     2.009   -10055.5   -69115.6     2391.6   2664.7   2252.9  13262.0 2001 10 28 21 48 23.200 3.1   1
     7835  31.501690  104.020515    13.831    68160.1   133537.9    15598.7   5070.9   5152.7   8894.4 2001 10 31  2 59 20.400 1.9   1
     7886  30.421785  102.329231    11.791   -92906.1    13913.6    12484.8   5764.2   8948.7  20195.8 2001 12  2  0  9 47.200 1.6   1
     7901  29.671692  102.046951    16.674  -120736.0   -69014.4    18195.7   2937.3   1744.1   4037.5 2001 12  2 15  0 16.000 2.3   1
     8016  29.663000  102.041077    10.325  -121434.0   -70041.9    11870.2   2761.3   1510.1   5920.9 2001 12  5  0 49 18.000 1.8   1
     8029  31.339647  103.434372    19.993    12721.4   115241.5    21051.3   9475.6  13231.7   8867.7 2001 12  5  8 27 28.600 1.3   1
     8135  29.350002  104.066994     0.000    74336.9  -105379.2     1305.3      0.0      0.0      0.0 2001 12  8  9  0 15.400 3.3   1
     8188  29.554361  102.030090     5.214  -122723.9   -82154.7     6927.2   6112.1   4760.4  14761.0 2001 12 10  2 31  6.400 2.7   1
     8280  28.207258  103.866219    -3.026    55509.1  -232622.5     1461.9      0.0      0.0      0.0 2001 12 12  7 10 28.000 3.3   1
     8419  30.063833  103.155182    12.020   -13910.3   -26202.0    12089.2   5291.5   6389.7  22999.2 2001 12 14 23 49 49.200 2.0   1
     8481  31.746239  101.958389     3.479  -126780.4   161458.2     6788.6   6902.8   6777.2  13779.4 2001 12 16  2 48 19.100 2.3   1
     8493  31.728411  101.950760     5.048  -127494.2   159446.9     8322.2   4256.6   5484.7   7940.9 2001 12 16  8 35 37.100 2.4   1
     8607  31.267544  103.232559    -2.031    -6411.6   107616.7    -1119.5      0.0      0.0      0.0 2001 12 20  4 42 27.400 1.8   1
     8631  31.546680  102.416100     2.294   -83726.3   138889.4     4358.8   4404.4   3066.5  14818.2 2001 12 21  4 52 30.900 1.9   1
     8676  31.744316  103.189735     4.576   -10419.7   160473.0     6607.8   4195.5   4229.9  15061.3 2001 12 22 11 32  5.400 1.4   1
     8731  29.799948  102.317680    -0.599   -94789.0   -55197.8      344.9      0.0      0.0      0.0 2001 12 23 17  1 11.500 1.7   1
     8788  29.516701  101.050003     0.000  -217661.2   -84939.6     4285.8      0.0      0.0      0.0 2001 12 25  7 48 41.200 2.5   1
     8849  30.243387  103.423088    14.836    11795.9    -6273.9    14849.7   7055.1   4343.8  18442.9 2001 12 27  4 47 37.600 2.0   1
     8863  30.521637  103.013512     3.482   -27427.0    24665.6     3588.6   5348.5   5789.6  11102.9 2001 12 27 18  1 39.300 3.0   1
