   620126  30.344109  103.071663     4.239   -21896.9     4923.4     4278.4   7324.8  14425.7  15325.1 2001 12 27  9 19 52.800 0.0   1
   620149  30.078735  103.402618    20.463     9842.1   -24520.0    20517.8  13315.4   8201.9  17145.6 2002  7  3 23 48 54.500 0.0   1
   620163  30.070000  102.080002    -0.000  -117391.4   -24944.2     1130.5      0.0      0.0      0.0 2002  9 13  5 36 42.700 0.0   1
   620175  31.034714  103.432999     7.006    12657.5    81611.5     7542.4   7375.1   4804.9  12541.0 2002 11 16 16 17 59.200 0.0   1
   620203  31.217529  103.500969    -2.037    19117.5   102069.3    -1190.9      0.0      0.0      0.0 2003  5  5 18 59 58.200 0.0   1
   620267  30.290005  102.449989    -0.000   -81610.3     -806.3      522.8      0.0      0.0      0.0 2003 10 24 11 36 19.800 0.0   1
      137  29.140507  103.705299     9.087    39306.1  -128666.8    10510.0   3830.1   3314.5   3942.7 2001  1  7  7 49 58.600 2.9   1
      138  29.137201  103.701118     9.198    38901.6  -129033.1    10625.8   4694.5   3232.6   5097.3 2001  1  7  7 53 11.100 2.3   1
      153  31.543751  104.065857     6.879    72495.8   138382.5     8796.3   6940.5   7651.1  27356.1 2001  1  8  2  2 37.400 2.1   1
      191  29.383303  101.133003    -0.000  -209911.5   -99924.9     4243.1      0.0      0.0      0.0 2001  1  9 13  5  2.200 3.4   1
      293  29.916700  103.116989    -0.000   -17637.8   -42606.4      166.9      0.0      0.0      0.0 2001  1 12 15 53 18.400 2.4   1
      322  31.430092  102.499130    16.209   -75790.6   125599.5    17902.3   2968.2   2962.1   5263.8 2001  1 13 20 39 56.500 2.8   1
      354  31.140940  103.756950    11.490    43409.7    93423.3    12324.0   5075.3   3817.7   7056.7 2001  1 14 17 41 38.100 2.4   1
      356  31.156630  103.771317     8.746    44786.1    95211.3     9615.7   8538.9   5354.4  10080.7 2001  1 14 18 20 23.100 2.0   1
      374  31.736307  103.754601    10.097    42922.7   159525.9    12242.8   8391.9  10175.1  13938.4 2001  1 15  8 54  9.100 1.8   1
      381  31.154167  103.746941    13.876    42437.1    94851.8    14725.7   9809.7   6528.3  11401.6 2001  1 15 18 34 30.800 2.0   1
      401  31.553356  102.407921    14.068   -84338.5   139378.9    16155.5   4185.5   4745.9  14051.9 2001  1 17  5 21 39.100 1.9   1
      405  29.531631  100.967743     8.785  -225269.5   -83004.9    13316.2   9173.3   5833.2  23141.5 2001  1 17  9  7 19.400 2.6   1
      500  31.161444  103.802719    13.711    47730.6    95683.7    14610.5   6299.9   4182.3   5752.5 2001  1 21  8 16 31.600 2.8   1
      504  31.128885  103.828247    18.838    50131.1    92008.2    19702.0   9161.5   9286.9  10548.5 2001  1 21 13  8 44.500 2.9   1
      510  31.146711  103.763016     9.046    43999.7    94102.4     9894.4   6508.5   4057.7   9705.9 2001  1 21 14 25 45.400 2.1   1
      528  31.128956  103.812950    12.186    48729.8    92106.1    13039.4   7733.6   6264.0  11266.9 2001  1 22  3  3 47.600 2.5   1
      584  29.501036  100.986885     8.777  -223490.3   -86439.1    13290.7   6999.8   5795.7  27962.7 2001  1 25  0 31 21.400 3.1   1
      607  28.988634  102.476006     1.000   -80129.3  -145490.8     3165.8   5916.3   6144.1  10007.8 2001  1 26  1 17 18.600 2.2   1
      665  30.941229  103.131592    13.979   -16025.8    71155.0    14397.5   5847.9   4052.8  11863.2 2001  1 29  4 14 37.300 3.0   1
      699  30.419292  101.999207     2.929  -124662.6    13972.6     4164.5   5254.3   5901.2  13125.1 2001  1 31 17 23  9.600 2.2   1
      732  29.514675  103.210602     3.061    -8646.8   -87276.0     3665.1   3394.8   3487.1   8533.1 2001  2  2 14 42 34.500 2.6   1
      821  30.616863  103.054916    11.847   -23409.3    35192.6    11987.3   8003.2   7174.7  22362.6 2001  2  9 11 33 16.600 2.1   1
      822  30.403376  102.650169     8.035   -62240.9    11658.1     8350.0   3109.3   4051.3  21178.1 2001  2  9 17 44 48.600 2.7   1
      854  29.666702  102.282990    -0.000   -98257.4   -69978.2     1142.1      0.0      0.0      0.0 2001  2 11  6 25 36.200 2.1   1
      895  29.486805  101.043396     4.744  -218201.5   -88184.7     9096.1   5458.0   6276.3  20430.6 2001  2 12 17 55  4.600 2.7   1
      899  29.470692  101.056366     2.461  -217060.1   -90031.5     6798.2   7740.8   8143.0  23778.7 2001  2 12 20 44 50.100 3.3   1
      911  29.491302  101.046715     6.107  -217824.1   -87672.9    10439.5   7074.1   6483.0  12343.1 2001  2 13  1  0  9.400 2.8   1
      924  29.492884  101.010925     7.455  -221232.0   -87409.4    11902.7   6326.7   4616.7  15008.0 2001  2 13 15 32 21.900 2.4   1
      951  29.495199  100.997719     3.017  -222657.4   -87187.4     7508.2   4797.4   3789.0   9382.5 2001  2 14 15 39 59.900 3.0   1
      970  29.510662  101.003647     6.189  -221939.8   -85438.3    10633.5   6864.3   7361.8  13083.6 2001  2 14 17 50 30.900 2.9   1
     1010  29.493662  100.997169     4.714  -222654.9   -87333.8     9207.8   4559.9   4772.5  23302.9 2001  2 15  9 15 58.700 2.7   1
     1035  29.483734  101.002083     5.397  -222177.8   -88436.6     9889.8   4493.4   6270.2   8769.5 2001  2 16  7  3 16.800 2.7   1
     1095  31.230661  103.437057    10.118    13010.5   103323.4    10971.0   7066.1   5055.0  12394.2 2001  2 17 17 43 43.500 2.2   1
     1171  29.486750  101.023880     1.393  -220203.5   -88199.5     5811.2   6193.3   7013.1  20212.8 2001  2 20  8 21 28.400 2.8   1
     1240  29.726494  102.628914     8.056   -64717.8   -63498.4     8702.0   6987.2   7150.7  12003.7 2001  2 22 19  5 56.500 1.8   1
     1247  29.469603  100.961800     2.949  -226189.0   -89961.4     7603.2   5432.0   4336.2   9281.5 2001  2 23  9 34 43.000 3.0   1
     1248  29.486124  101.037567     9.210  -218612.7   -88187.0    13578.6   5712.0   6199.2  16678.7 2001  2 23  9 39 38.000 2.7   1
     1250  29.468557  100.997849     0.884  -222777.9   -90177.9     5419.3   4519.7   5987.6  10802.3 2001  2 23 10 11 51.000 4.2   1
     1264  31.682400  103.804276    11.470    47629.7   153529.6    13501.8   4148.7   5442.7   6282.5 2001  2 23 18 15 11.400 1.9   1
     1277  31.622051  102.972107     2.883   -31031.9   146970.2     4655.1   4540.1   4366.6  17836.8 2001  2 24  0  8 36.000 2.0   1
     1281  29.434505  101.012383    -1.282  -221521.8   -94023.1     3263.3      0.0      0.0      0.0 2001  2 24  2 22 20.000 2.7   1
     1287  29.516365  100.976089     5.153  -224626.2   -84764.6     9681.7   6122.7   4476.3  18145.6 2001  2 25  6 28  9.300 2.0   1
     1311  29.497713  100.992714     5.725  -223041.1   -86861.0    10227.5   3858.2   6051.9  33257.5 2001  2 26  6  4 43.400 3.0   1
     1331  29.480019  101.004318     7.801  -221886.5   -88820.2    12291.0   3215.9   4892.2  17362.0 2001  2 27  2 46 21.800 2.2   1
     1352  29.469347  100.945404     8.142  -227589.7   -89883.6    12849.2   4261.8   6477.1  21523.5 2001  2 27 22 21 48.400 3.2   1
     1439  30.371054  102.639000    13.110   -63280.9     8068.5    13430.5   7674.9   6718.5  10926.1 2001  3  3 15 48  7.200 2.7   1
     1442  30.991823  103.328026     5.398     2669.0    76860.1     5862.5   5900.8   4503.7  14339.1 2001  3  3 17 38  4.500 2.1   1
     1446  29.062029  102.756943    17.963   -52632.7  -137131.5    19660.8   2984.2   3977.8   7495.2 2001  3  3 18 49 32.900 1.9   1
     1453  31.383303  101.166992     0.000  -202433.7   122351.8     4392.5      0.0      0.0      0.0 2001  3  3 23 40 12.500 2.1   1
     1530  29.950584  103.031540    20.222   -25782.6   -38699.4    20392.2   7295.3   3143.9  12447.1 2001  3  7  0  9 22.000 2.0   1
     1585  31.576012  102.444405    13.123   -80882.8   141886.7    15221.3   6905.9   5055.5  12239.9 2001  3  8 19 33 41.300 2.1   1
     1644  30.466158  103.310471     1.994     1003.3    18469.9     2020.4   6191.8   5315.6  10441.5 2001  3 11 16 37 23.400 2.3   1
     1651  29.418036  101.029953    -2.866  -219911.7   -95912.3     1650.9      0.0      0.0      0.0 2001  3 11 22 32  4.200 3.5   1
     1684  30.466702  101.566994    -0.000  -166068.3    19803.4     2195.5      0.0      0.0      0.0 2001  3 13 18 37  8.400 2.0   1
     1723  29.285089  104.331558     9.979    99882.2  -112216.7    11753.5   7089.3  10098.4  12989.4 2001  3 15  8 17 45.300 2.6   1
     1910  31.624968  102.397148     8.362   -85368.2   147462.4    10644.0   3781.1   3486.0   9851.9 2001  3 24  2 29 21.700 2.0   1
     1932  29.491701  100.997864     2.690  -222663.0   -87580.6     7186.5   5504.7   4292.0  18862.3 2001  3 25  0 23 17.500 2.8   1
     1997  29.261110  101.855629     0.775  -140081.9  -114608.1     3346.9   4254.4   4415.0   9888.8 2001  3 26 12 47 28.600 2.9   1
     2135  29.519640  101.019768     4.903  -220408.2   -84489.6     9281.0  11099.9   8115.7  27092.4 2001  3 30 10 28 13.200 2.7   1
     2138  29.530016  100.984406     9.763  -223630.5   -83204.3    14239.2   9823.4   7276.5  21586.5 2001  3 30 15 38 13.900 2.8   1
     2165  29.559311  103.306015     9.236      581.0   -82239.0     9767.7   4415.8   4516.6   6321.9 2001  3 31 23 22 22.200 1.9   1
     2244  31.638494  103.982643     9.716    64524.7   148786.8    11783.8  10125.8   8573.0   6976.9 2001  4  4  4 20 10.900 2.2   1
     2248  29.471529  101.024811     8.004  -219918.0   -89799.5    12439.3   6284.3   7175.1  15351.6 2001  4  4  9 20 16.800 2.9   1
     2257  29.500362  101.029633    -1.952  -219733.0   -86743.2     2428.0      0.0      0.0      0.0 2001  4  4 18 55 26.900 3.4   1
     2286  29.483301  101.082993    -0.000  -214541.4   -88715.4     4231.4      0.0      0.0      0.0 2001  4  6 13  2  7.800 3.4   1
     2301  30.474037  101.609291     4.000  -161902.8    20544.8     6092.4   6551.3   6038.8  17305.0 2001  4  7  0 37 51.400 2.3   1
     2323  29.702095  102.596382     8.381   -67868.3   -66185.2     9086.9   3494.4   2757.3   9264.9 2001  4  7 20 34 24.800 2.0   1
     2329  29.484394  101.029106    -0.500  -219768.6   -88497.9     3905.9      0.0      0.0      0.0 2001  4  7 22 36 39.000 2.5   1
     2330  29.518780  101.004807     8.876  -221717.2   -84503.1    13302.4   6566.3   6618.3  17151.2 2001  4  7 23 46 29.000 2.7   1
     2336  29.499866  101.044136    14.437  -217770.0   -86602.9    18758.8   3879.5   3467.6   7666.8 2001  4  8  2 22 17.100 2.8   1
     2339  32.188309  103.553490     7.829    23825.0   209700.7    11329.8  11241.2  10207.0  30815.6 2001  4  8  6 23  0.400 2.0   1
     2367  29.700003  102.083000    -0.000  -117538.3   -66085.8     1427.1      0.0      0.0      0.0 2001  4  9  1 56 51.300 1.9   1
     2381  29.450735  103.435516    15.182    13090.3   -94197.7    15893.1   6840.4   6027.2   7291.2 2001  4  9 14 35 11.900 2.1   1
     2403  30.871090  103.120499    20.944   -17075.5    63305.4    21282.4   7179.5   6459.7  12375.8 2001  4 10 19 29 52.800 2.8   1
     2432  31.158682  103.663170     4.789    34530.8    95460.4     5598.6   7789.0   5213.4  10531.8 2001  4 11 17 16 58.500 2.0   1
     2434  31.388838  103.872650    16.883    54212.1   120881.5    18264.5   8817.6   7297.2  12910.6 2001  4 11 18 30 18.600 1.9   1
     2491  30.051788  102.825531     9.875   -45594.6   -27462.1    10097.4   3656.8   3231.5  22383.1 2001  4 14 11 29 43.400 2.1   1
     2562  30.616945  102.410652    15.993   -84887.1    35486.0    16658.8   2935.5   4194.3   9204.0 2001  4 17 22 15 44.600 1.7   1
     2566  30.000345  101.752708    13.852  -148657.5   -32234.9    15671.9  11373.0   3670.1  22925.0 2001  4 18  8 36 37.300 2.5   1
     2601  30.675062  102.788055    18.049   -48820.5    41696.5    18373.7   4208.7   6128.0  10645.1 2001  4 19 18 50 12.000 1.7   1
     2632  31.583303  103.266998    -0.000    -3126.4   142685.0     1598.8      0.0      0.0      0.0 2001  4 21  2 38 56.800 2.0   1
     2759  29.722128  102.940781    -0.895   -34693.0   -64209.4     -477.5   1270.8   1690.1  10414.2 2001  4 25 11  1 18.900 2.2   1
     2838  30.716703  103.483002    -0.000    17493.7    46348.7      192.6      0.0      0.0      0.0 2001  4 28 15 16  3.300 3.0   1
     2999  31.488350  103.924713    10.715    59134.7   132069.1    12361.2   4010.4   8677.3  18285.7 2001  5  4 23 16 54.100 2.3   1
     3020  29.448399  101.070160     5.309  -215676.8   -92493.7     9636.2   3308.1   3816.9   9758.1 2001  5  5 13 27  0.200 2.5   1
     3132  29.090786  102.429466    19.158   -84330.2  -133720.8    21126.0   2612.1   3406.4   4268.4 2001  5  8 15 45 47.600 2.3   1
     3152  29.468376  100.978798     4.182  -224505.0   -90113.6     8779.5   4185.6   6406.5  15545.2 2001  5  9  7 19 17.200 2.8   1
     3263  29.945024  103.162430    -0.430   -13255.2   -39465.6     -293.7      0.0      0.0      0.0 2001  5 14  3 57 37.000 2.5   1
     3425  29.115013  102.395081    13.999   -87711.0  -131116.1    15956.3   5662.7   7454.8  13830.2 2001  5 19 17 57  9.600 2.0   1
     3431  29.519245  100.976753     7.828  -224461.1   -84410.3    12348.3   6136.9   4143.3  11359.1 2001  5 20  2 58  7.200 2.3   1
     3441  32.131443  101.531555     5.879  -166342.3   204719.5    11347.2   7552.0   8042.9  13300.4 2001  5 20 11 50 47.900 3.0   1
     3442  32.130589  101.523918    16.754  -166776.3   204286.4    22229.3   6546.0   8936.1   9657.3 2001  5 20 11 52 47.400 2.8   1
     3556  31.456673  102.135521    14.057  -110203.1   128888.4    16319.0   4605.9   3419.8   9590.5 2001  5 22 23 41 35.100 2.2   1
     3564  29.282581  103.012291     5.895   -27877.5  -112986.0     6958.7   1600.8   2005.9   3650.8 2001  5 23 11  1 11.800 2.0   1
     3591  31.051382  103.291008     5.975     -856.1    83468.8     6522.6   6722.6   8010.0  17390.5 2001  5 24  4 47 28.800 1.4   1
     3669  29.440319  102.876640     6.300   -40956.0   -95417.7     7147.3   3130.7   3085.2   7517.5 2001  5 27  0 35  0.100 2.8   1
     3705  30.691151  102.854118     9.414   -42571.9    43512.7     9705.5   2135.0   3223.6  17362.2 2001  5 28  8  0 35.800 2.8   1
     3783  31.750006  103.266998    -0.000    -3120.8   161216.0     2040.8      0.0      0.0      0.0 2001  5 31  3 51 33.500 1.8   1
     3869  29.433300  101.050003     0.000  -217840.3   -94210.6     4422.4      0.0      0.0      0.0 2001  6  3  0 44 53.300 3.1   1
     3915  29.798090  102.394882     9.866   -87198.5   -55375.2    10704.3   6710.9   4788.3   9659.3 2001  6  4 15 27 31.100 2.1   1
     3918  31.071426  103.991806    21.646    65663.2    85684.1    22563.4   8745.7  12628.5  13269.1 2001  6  4 17 57 30.000 2.0   1
     3931  29.784983  102.392296     6.014   -87512.3   -56862.6     6869.3   5289.5   5087.0  10135.5 2001  6  5  2 34 25.400 2.1   1
     3967  30.419481  102.477524     6.447   -78783.2    13557.2     6948.6   6527.3   4935.5   8863.9 2001  6  6 11 52  8.900 2.2   1
     4050  29.088154  102.470703    13.134   -80414.0  -134169.8    15058.1   2995.1   3572.7   5793.8 2001  6  9  6  9 21.100 2.2   1
     4100  31.513756  102.441788     8.981   -81237.0   135069.8    10934.2   2923.4   3494.4  11309.6 2001  6 11 10 55  8.500 2.4   1
     4128  31.236908  103.348259     5.998     4584.2   104077.3     6850.1   4474.8   3924.4  17509.5 2001  6 13  6 34 37.100 2.0   1
     4177  30.715040  101.700073     2.726  -152861.5    47206.7     4735.4   2958.0   2701.8   7963.6 2001  6 14 22 48  5.800 1.8   1
     4211  30.659037  103.088234    10.012   -20224.0    39878.5    10169.4   8276.2   7617.1  24763.1 2001  6 16  7 41 57.300 1.8   1
     4260  31.415913  103.195251     8.934    -9926.3   123906.2    10148.5   4621.9   5141.3  13443.0 2001  6 18  5 49 11.900 1.9   1
     4290  30.148090  102.510887     6.022   -75801.9   -16612.3     6495.2   4997.9   3683.2  12291.3 2001  6 20  5 19 58.400 2.1   1
     4359  29.764759  102.351044    22.951   -91263.8   -58919.6    23880.7   7289.5   5429.7   8642.8 2001  6 23 10 16 13.200 1.7   1
     4417  31.438334  103.778854     9.873    45358.9   126467.6    11292.3   7694.2   5542.8   7783.9 2001  6 25  6 31 37.100 2.5   1
     4668  28.784996  102.651459    15.837   -63044.7  -167842.3    18366.6   2513.6   5185.6   5714.7 2001  7  6 21 27 11.500 2.1   1
     4738  29.859453  101.280472     9.038  -194434.0   -47187.9    12184.7   4225.5   1773.7  13327.4 2001  7  9  1 56 10.300 2.7   1
     4799  30.528688  103.220650     5.991    -7593.0    25407.3     6046.2   7255.7   6626.1  12441.4 2001  7 12  1  8 15.800 2.4   1
     4821  30.020580  102.351761     0.074   -91289.2   -30688.5      802.2   3943.3   4787.4  10303.4 2001  7 12 21 54 38.800 3.2   1
     4827  31.873102  103.962852     9.294    62499.7   174826.0    12003.4   6649.3   8356.6  14997.5 2001  7 12 23 49 25.500 1.9   1
     4877  30.454561  101.584251    -0.514  -164449.0    18429.7     1635.5      0.0      0.0      0.0 2001  7 14 18 34 30.600 2.2   1
     4889  31.678127  102.756500     8.877   -51357.5   153135.0    10927.6   5519.5   5820.3  25798.3 2001  7 15 11  5 25.300 1.8   1
     4914  31.595556  104.046036     5.075    70599.9   144164.0     7099.3  10594.5   6985.1   9513.7 2001  7 16  2  4 47.800 2.1   1
     4934  31.122709  103.134018     5.504   -15785.7    91410.4     6180.2   4105.3   4918.7  16244.4 2001  7 16 18  5 15.900 2.1   1
     4978  31.526476  103.972076     9.490    63604.8   136352.2    11269.5   4809.6   7086.9  19142.3 2001  7 18 20 11  7.200 3.1   1
     4991  29.438457  101.075760     5.067  -215165.6   -93612.1     9393.4   4694.3   6911.8  12123.9 2001  7 19 10 49 23.900 2.7   1
     5025  31.710506  103.169304    13.876   -12336.0   156490.3    15814.2   6118.3   7726.2  19295.7 2001  7 20  9 47 22.500 1.9   1
     5157  29.783171  102.309532     8.046   -95461.9   -56979.3     9017.6   9367.0   6529.2  19568.6 2001  7 25 15 29 31.000 1.8   1
     5191  29.433300  101.067001     0.000  -216195.4   -94243.1     4366.8      0.0      0.0      0.0 2001  7 26 18 21 33.900 3.2   1
     5255  31.953981  103.369438     3.677     6547.1   183784.5     6333.5   9038.7   8494.0  18177.4 2001  7 29  8 24  3.100 2.5   1
     5257  31.257576  103.286140    -1.076    -1317.7   106490.1     -185.6   3179.5   3493.8   8333.7 2001  7 29  9 22 10.900 3.1   1
     5299  30.016701  103.083000    -0.000   -20893.3   -31481.3      112.0      0.0      0.0      0.0 2001  7 31 11 18  9.900 2.2   1
     5332  31.522263  103.036209     8.852   -24969.0   135738.9    10349.4   6937.4   9801.6  21780.8 2001  8  2 16 47 25.300 1.9   1
     5388  29.467417  101.046555     1.217  -218058.5   -90394.3     5592.8   7310.3   8415.7  29897.4 2001  8  5 13 59 22.700 3.0   1
     5394  30.609684  102.856766    10.064   -42350.6    34463.1    10298.4   5359.1   6204.3   9267.4 2001  8  5 20 34 43.200 1.8   1
     5420  29.986153  101.751648    16.895  -148710.0   -33791.8    18725.0   9490.4   5982.9  19700.0 2001  8  7  6 37  3.200 2.4   1
     5605  28.456907  103.428650    19.961    12537.4  -204258.1    23258.8   9212.9   5837.2  14094.5 2001  8 13 13 52  5.400 2.3   1
     5614  30.459549  101.738411     6.871  -149495.8    18749.7     8654.4  11213.7   7915.7  13853.7 2001  8 14  2 48 42.900 2.3   1
     5655  31.637833  103.087654    12.203   -20064.0   148480.2    13968.6   4083.3   6323.9  13051.5 2001  8 15 14 57  3.800 1.8   1
     5748  31.257568  103.306267    11.926      594.7   106272.3    12814.5   5138.2   5631.9   9297.8 2001  8 19 10 47  5.400 2.3   1
     5749  31.250004  103.333000     0.000     3136.8   105630.9      876.5      0.0      0.0      0.0 2001  8 19 11  5 20.900 1.7   1
     5754  31.639185  103.087143     9.867   -20119.5   148684.8    11636.5   4118.1   5438.0  10335.8 2001  8 19 22 42 59.300 1.7   1
     5890  31.552608  102.415771     7.330   -83686.1   139437.9     9408.7   1554.2   2161.7   6101.3 2001  8 25  3 13 21.400 2.3   1
     5900  29.472031  101.090591     2.112  -213760.0   -89952.7     6336.1   6441.0   8232.9  27526.1 2001  8 25 10  7  5.300 2.5   1
     6000  30.472910  101.618690    -0.751  -161124.8    20421.6     1319.0      0.0      0.0      0.0 2001  8 30 16 39  8.100 2.6   1
     6022  30.459417  101.607841     5.498  -162027.5    18918.2     7588.8   3680.1   2989.4   8798.3 2001  9  1  0 33 19.500 2.2   1
     6026  29.900055  102.774567    11.008   -50560.5   -44277.6    11363.4   1841.3   3556.8  17487.7 2001  9  1  3 56 18.900 2.2   1
     6037  31.799248  103.804283     8.590    47591.8   166570.2    10948.6   2636.4   5186.8   5977.5 2001  9  2  1  5 41.100 2.1   1
     6038  31.564917  104.414917    10.080   105457.5   140936.0    12515.5   9114.1  11401.4  31077.4 2001  9  2  2 30 42.500 2.4   1
     6087  31.222994  103.490273    13.926    18053.5   102418.1    14776.5   6564.5   4716.7  13144.0 2001  9  3  7 33 11.500 2.0   1
     6154  30.444384  101.591011     3.399  -163718.0    17277.9     5527.9   2835.1   4558.5  13748.9 2001  9  7  0 53 40.000 2.6   1
     6192  30.418821  101.657249     4.839  -157379.7    14340.5     6800.6   9987.8   8901.0  22412.7 2001  9  8  3 38 44.000 2.0   1
     6193  30.436836  101.616295     8.871  -161169.8    16388.9    10933.9   8214.0   8936.6  25915.8 2001  9  8  4 32 55.300 2.1   1
     6214  30.441614  101.609428    10.867  -161768.9    16923.7    12947.1   5982.1   5315.3  14966.2 2001  9  9  3 43 48.900 2.3   1
     6261  30.616703  103.083000    -0.000   -20765.8    35235.1      131.3      0.0      0.0      0.0 2001  9 10 16 40 46.200 2.2   1
     6307  31.688578  103.091766     9.865   -19672.1   154166.5    11763.4   4350.6   5374.4  10495.0 2001  9 12 14 10 56.100 1.6   1
     6312  29.452610  101.052338     1.063  -217536.4   -92053.3     5444.2   5056.2   6012.8  19429.1 2001  9 12 16 38 27.100 3.2   1
     6526  31.570251  102.411743     1.864   -84123.8   141521.1     3991.9   8094.9   8493.1  14403.1 2001  9 18 22  0 39.700 2.0   1
     6696  28.810879  102.199615    12.837  -106988.3  -164712.2    15871.0   3686.4   3782.1  10018.6 2001  9 21 14 25 19.500 2.5   1
     6765  31.959860  102.016960     6.165  -120914.3   185046.1    10004.6   5531.7   5685.3  11105.1 2001  9 23  6 34 47.500 3.9   1
     6801  30.940548  103.355232    16.086     5254.1    71045.2    16485.7   4937.1   2873.5   7583.1 2001  9 24  8 18  0.500 3.2   1
     6877  29.901546  102.753677     7.004   -52602.9   -44130.6     7374.0   3342.3   1508.5   9258.7 2001  9 26  6 48 14.100 2.6   1
     6963  29.930962  101.985909    10.999  -126402.1   -40232.9    12382.2   4506.3   2488.5   8483.3 2001  9 28 22 37 47.000 2.1   1
     6964  29.926590  101.988586    18.109  -126009.0   -40675.5    19489.2   3924.3   1898.3   5087.8 2001  9 28 22 58 35.600 2.2   1
     6979  29.930302  102.008621    18.505  -124071.8   -40283.3    19844.9   3061.2   3663.3   6801.6 2001  9 29  8 33 36.800 2.2   1
     7013  29.923250  102.027695    20.109  -122217.6   -41075.7    21418.1   7848.3   5976.5  14136.1 2001  9 30  1 37 54.000 2.1   1
     7150  31.727329  102.787727    11.197   -48363.4   158525.1    13356.6   4293.3   6041.8  16403.7 2001 10  5 11 59  6.700 1.7   1
     7195  29.401300  101.074631    -1.085  -215561.6   -97831.4     3313.2      0.0      0.0      0.0 2001 10  9  1 32 21.000 3.0   1
     7259  30.200071  102.521271     6.009   -74765.2   -10844.9     6457.2   3999.0   3572.3  15826.4 2001 10 12 21  5 18.600 2.8   1
     7278  30.142902  101.996605    16.865  -124990.5   -16705.3    18116.3   4135.7   3229.2   5143.0 2001 10 13 18 34 32.300 2.4   1
     7298  30.197208  102.517227    -0.252   -75229.3   -11171.2      202.4      0.0      0.0      0.0 2001 10 14 15 41 23.200 2.9   1
     7299  30.152185  102.546074     7.401   -72403.6   -16177.0     7833.8  10226.9   4738.2  10429.0 2001 10 14 15 42 35.500 2.3   1
     7335  30.166725  102.920868     1.991   -36435.9   -14754.1     2112.8   3795.8   4958.0  10856.0 2001 10 15 19 45 11.900 2.5   1
     7355  29.014637  102.017632     5.962  -124569.3  -142076.9     8767.4   3921.5   5149.4   6801.2 2001 10 16 17  6 24.100 2.2   1
     7392  31.921572  102.946754     4.820   -33313.2   180201.8     7458.3   7540.6  10786.7  23934.3 2001 10 18 15 57 32.100 2.0   1
     7453  28.776247  102.236481    11.035  -103468.7  -168635.7    14113.4   6115.9   5114.3  18116.1 2001 10 20  7 37 11.300 2.4   1
     7551  29.517199  103.074501    -1.580   -21825.5   -87040.7     -948.4      0.0      0.0      0.0 2001 10 23 10 33 54.800 1.9   1
     7564  29.515289  103.142082    -2.324   -15286.7   -87274.3    -1707.9      0.0      0.0      0.0 2001 10 23 18 31 58.500 2.0   1
     7576  29.483301  101.032990     0.000  -219377.8   -88619.9     4394.9      0.0      0.0      0.0 2001 10 24  9 19 51.100 2.6   1
     7631  29.673193  103.178864     8.069   -11688.3   -69601.7     8460.7   5210.1   2661.4   8065.5 2001 10 26  3 29 39.800 2.9   1
     7735  31.717518  101.282135     1.029  -190795.2   159274.2     5879.6   2897.6   2869.4   6809.9 2001 10 28 10 14 20.400 2.7   1
     7761  29.678894  103.201759     5.011    -9483.0   -69004.0     5391.6   4135.0   3301.6  13489.3 2001 10 28 21 48 23.200 3.1   1
     7835  31.496042  104.028793    11.088    68977.5   132973.8    12852.0   6618.4   4374.8   6919.9 2001 10 31  2 59 20.400 1.9   1
     7886  30.403778  102.334183    10.508   -92467.8    11913.6    11190.8   6181.4  10035.9  20217.7 2001 12  2  0  9 47.200 1.6   1
     7901  29.672466  102.049690    16.165  -120480.5   -68937.1    17680.8   4902.9   2640.0   6409.3 2001 12  2 15  0 16.000 2.3   1
     8016  29.663748  102.043518     9.027  -121222.0   -69975.6    10567.1   4019.2   3110.7   9188.9 2001 12  5  0 49 18.000 1.8   1
     8029  31.321728  103.432495    20.764    12544.4   113241.5    21786.3   8956.5  12242.9  11259.4 2001 12  5  8 27 28.600 1.3   1
     8135  29.350002  104.066994     0.000    74336.9  -105379.2     1305.3      0.0      0.0      0.0 2001 12  8  9  0 15.400 3.3   1
     8188  29.557787  102.022568     8.206  -123388.6   -81728.0     9927.2   3770.5   4027.5  13838.6 2001 12 10  2 31  6.400 2.7   1
     8280  28.207258  103.866219    -3.026    55509.1  -232622.5     1461.9      0.0      0.0      0.0 2001 12 12  7 10 28.000 3.3   1
     8419  30.063528  103.149132     9.019   -14498.7   -26247.5     9089.2   6400.0   7442.5  29647.7 2001 12 14 23 49 49.200 2.0   1
     8481  31.764986  101.973907     6.023  -125238.7   163458.2     9355.2   7465.8   7051.1  17203.2 2001 12 16  2 48 19.100 2.3   1
     8493  31.730982  101.948158     8.037  -127676.7   159660.3    11322.2   4458.2   4082.1   9377.2 2001 12 16  8 35 37.100 2.4   1
     8607  31.267544  103.232559    -2.031    -6411.6   107616.7    -1119.5      0.0      0.0      0.0 2001 12 20  4 42 27.400 1.8   1
     8631  31.546619  102.418076     2.012   -83543.6   138886.9     4074.7   7650.6   4139.5  22550.2 2001 12 21  4 52 30.900 1.9   1
     8676  31.736704  103.186333     4.166   -10742.3   159637.8     6177.2   4051.7   5882.0  12250.1 2001 12 22 11 32  5.400 1.4   1
     8731  29.799948  102.317680    -0.599   -94789.0   -55197.8      344.9   2925.4   2333.7   4595.2 2001 12 23 17  1 11.500 1.7   1
     8788  29.516701  101.050003     0.000  -217661.2   -84939.6     4285.8      0.0      0.0      0.0 2001 12 25  7 48 41.200 2.5   1
     8849  30.239571  103.402168    11.839     9795.9    -6702.8    11849.7   4551.5   3606.1  21069.3 2001 12 27  4 47 37.600 2.0   1
     8863  30.503717  103.027260     4.967   -26109.4    22665.6     5060.9   7116.6   6782.3  13048.4 2001 12 27 18  1 39.300 3.0   1
