   620126  30.308039  103.029854     9.004   -25896.9      923.4     9056.7   8013.3  16942.3  19308.7 2001 12 27  9 19 52.800 0.0   1
   620149  30.067924  103.360847    14.463     5842.1   -25745.6    14517.8  16187.2  10057.6  26638.7 2002  7  3 23 48 54.500 0.0   1
   620163  30.070000  102.080002    -0.000  -117391.4   -24944.2     1130.5      0.0      0.0      0.0 2002  9 13  5 36 42.700 0.0   1
   620175  31.057650  103.391006     7.972     8657.5    84142.1     8534.0  13944.9  11070.3  18237.3 2002 11 16 16 17 59.200 0.0   1
   620190  29.150002  102.139992     0.000  -112642.4  -127290.2     2267.8      0.0      0.0      0.0 2003  2 10 14 25 47.000 0.0   1
   620203  31.217529  103.500969    -2.037    19117.5   102069.3    -1190.9  17005.6  13100.1  20429.9 2003  5  5 18 59 58.200 0.0   1
   620249  31.080004  103.250000     0.000    -4761.9    86730.5      592.2      0.0      0.0      0.0 2003  9 15  9 18 59.300 0.0   1
   620267  30.290005  102.449989    -0.000   -81610.3     -806.3      522.8      0.0      0.0      0.0 2003 10 24 11 36 19.800 0.0   1
      137  29.148546  103.691628    10.621    37968.6  -127748.5    12016.9   7642.2  10209.8  10346.1 2001  1  7  7 49 58.600 2.9   1
      138  29.117052  103.681389     8.963    36997.2  -131281.4    10425.4   6612.5   8450.6   9771.2 2001  1  7  7 53 11.100 2.3   1
      153  31.517317  104.070900     6.936    72993.3   135449.2     8796.3  14147.2   8043.2  11831.1 2001  1  8  2  2 37.400 2.1   1
      191  29.383303  101.133003    -0.000  -209911.5   -99924.9     4243.1      0.0      0.0      0.0 2001  1  9 13  5  2.200 3.4   1
      293  29.916700  103.116989    -0.000   -17637.8   -42606.4      166.9      0.0      0.0      0.0 2001  1 12 15 53 18.400 2.4   1
      322  31.425068  102.487190    12.988   -76963.9   125114.1    14684.6   4934.7   4686.8  15328.5 2001  1 13 20 39 56.500 2.8   1
      354  31.118319  103.738312     7.959    41672.1    90956.2     8745.2   9575.6   7494.9  14976.3 2001  1 14 17 41 38.100 2.4   1
      356  31.120565  103.754257     7.981    43186.9    91211.3     8781.1  11077.8  11352.5  27739.7 2001  1 14 18 20 23.100 2.0   1
      374  31.701254  103.795845    15.250    46796.4   155525.9    17325.9   9268.1  13246.9  15626.1 2001  1 15  8 54  9.100 1.8   1
      381  31.117485  103.704277     7.961    38437.1    90851.8     8725.7  19838.3  11660.5  29541.1 2001  1 15 18 34 30.800 2.0   1
      401  31.556751  102.399406     8.047   -85221.2   139894.4    10155.5   6202.9   6252.6  19674.9 2001  1 17  5 21 39.100 1.9   1
      405  29.534483  101.011223     2.932  -221269.5   -82850.1     7316.2  11713.6   6496.0  27850.6 2001  1 17  9  7 19.400 2.6   1
      500  31.134771  103.788223    17.824    46336.9    92658.7    18668.5  13758.3   6070.2  11943.4 2001  1 21  8 16 31.600 2.8   1
      504  31.126204  103.788338    19.971    46336.9    91677.8    20801.5   8900.4   4825.4   9065.3 2001  1 21 13  8 44.500 2.9   1
      510  31.134823  103.721214    14.221    39999.7    92691.4    15022.7  12949.5   7432.0  13974.2 2001  1 21 14 25 45.400 2.1   1
      528  31.115097  103.771210    18.085    44729.8    90466.9    18886.2  11081.0   8793.2  14479.0 2001  1 22  3  3 47.600 2.5   1
      584  29.507711  101.029335     5.450  -219490.3   -85825.6     9814.3  11571.0   7612.7  22940.8 2001  1 25  0 31 21.400 3.1   1
      607  28.999439  102.438156     6.983   -83722.9  -144127.1     9165.8  10733.0   9078.9  13698.2 2001  1 26  1 17 18.600 2.2   1
      665  30.932304  103.112488     7.985   -17862.5    70233.9     8397.5   8298.3   5035.9  24061.3 2001  1 29  4 14 37.300 3.0   1
      699  30.384636  102.008133     6.411  -123783.4    10105.6     7622.8  10220.4  11170.1  25676.8 2001  1 31 17 23  9.600 2.2   1
      732  29.532345  103.213608     4.972    -8352.2   -85287.2     5548.4   6489.7   4571.2  10689.7 2001  2  2 14 42 34.500 2.6   1
      821  30.608967  103.059364    11.008   -22989.3    34320.1    11142.2  10295.0  11217.0  29091.0 2001  2  9 11 33 16.600 2.1   1
      822  30.403450  102.637642     8.023   -63441.0    11673.5     8350.0   6597.4   7154.9  29789.7 2001  2  9 17 44 48.600 2.7   1
      854  29.666702  102.282990    -0.000   -98257.4   -69978.2     1142.1      0.0      0.0      0.0 2001  2 11  6 25 36.200 2.1   1
      895  29.450546  101.060890     8.960  -216445.1   -92184.7    13310.8   7662.0   8127.2  26222.5 2001  2 12 17 55  4.600 2.7   1
      899  29.434790  101.096954     6.965  -213060.1   -94031.5    11227.8  11110.5  10410.4  19438.9 2001  2 12 20 44 50.100 3.3   1
      911  29.468609  101.044327    12.066  -217900.3   -90104.1    16439.5  10635.7  11096.7  19304.4 2001  2 13  1  0  9.400 2.8   1
      924  29.498219  101.047050     1.957  -217919.3   -86962.1     6279.9   8310.5   6076.6  15879.1 2001  2 13 15 32 21.900 2.4   1
      946  29.418085  101.062973     4.965  -216448.0   -95852.1     9367.6   7978.1  11106.0  19374.1 2001  2 14 15 27 28.200 0.0   1
      951  29.498106  101.013153     0.753  -221238.3   -86925.6     5189.8   7164.9   6427.6  13741.9 2001  2 14 15 39 59.900 3.0   1
      970  29.484184  101.011482     6.173  -221241.5   -88394.1    10633.5   7773.1   7740.5  25808.4 2001  2 14 17 50 30.900 2.9   1
     1010  29.484299  101.002670     9.323  -221982.7   -88320.5    13810.1   6577.7   9109.0  47103.7 2001  2 15  9 15 58.700 2.7   1
     1035  29.451042  101.029182     4.265  -219669.3   -92136.7     8723.3   6891.5   8458.4  25981.6 2001  2 16  7  3 16.800 2.7   1
     1095  31.201759  103.479073     7.974    17010.5   100154.3     8785.1   7847.0   7820.6  17740.1 2001  2 17 17 43 43.500 2.2   1
     1171  29.451124  101.062378     3.703  -216478.8   -92199.5     8051.8   7206.1   8078.1  22463.1 2001  2 20  8 21 28.400 2.8   1
     1240  29.723755  102.587463     8.011   -68717.8   -63778.3     8702.0   9745.2   7393.4  23447.2 2001  2 22 19  5 56.500 1.8   1
     1247  29.468842  100.983849     0.145  -224157.5   -90129.3     4727.6   6625.0   5368.2  11190.8 2001  2 23  9 34 43.000 3.0   1
     1248  29.451372  101.079964     4.964  -214734.8   -92187.0     9254.7   8047.8   9001.8  16646.1 2001  2 23  9 39 38.000 2.7   1
     1250  29.433304  101.032990     0.000  -219485.9   -94177.9     4478.4      0.0      0.0      0.0 2001  2 23 10 11 51.000 4.2   1
     1264  31.652039  103.829193    12.968    49987.6   150136.2    14937.7   8037.0   9692.5   7539.4 2001  2 23 18 15 11.400 1.9   1
     1277  31.601851  102.995682     2.945   -28807.4   144718.0     4655.1   6386.0   6732.9  14704.3 2001  2 24  0  8 36.000 2.0   1
     1281  29.434505  101.012383    -1.282  -221521.8   -94023.1     3263.3   7167.3   8091.0  27949.3 2001  2 24  2 22 20.000 2.7   1
     1287  29.514160  101.013046     7.954  -220962.9   -85044.4    12360.5  10261.7   5518.4  20382.2 2001  2 25  6 28  9.300 2.0   1
     1311  29.468060  101.012970     6.962  -221105.4   -90176.5    11443.0   6271.7   9113.5  15816.1 2001  2 26  6  4 43.400 3.0   1
     1331  29.450666  101.002174     9.982  -222081.4   -92043.4    14526.5   5891.7   7289.1  22492.5 2001  2 27  2 46 21.800 2.2   1
     1352  29.434431  100.979164     4.306  -224540.5   -93883.6     8959.9   6903.1   8208.6  24490.9 2001  2 27 22 21 48.400 3.2   1
     1439  30.334848  102.603851    17.147   -66628.0     4068.5    17497.3  10341.7   8835.4  20475.4 2001  3  3 15 48  7.200 2.7   1
     1442  30.967756  103.287994     4.548    -1144.0    74196.4     4980.2  11368.8   9576.0  25468.5 2001  3  3 17 38  4.500 2.1   1
     1446  29.061857  102.750641    12.004   -53293.4  -137276.2    13708.9   4486.2   6558.9  15462.1 2001  3  3 18 49 32.900 1.9   1
     1453  31.383303  101.166992     0.000  -202433.7   122351.8     4392.5      0.0      0.0      0.0 2001  3  3 23 40 12.500 2.1   1
     1487  28.998695  101.871269     4.040  -138847.7  -143720.7     7176.9   9051.4   9534.4  11753.7 2001  3  4 21 10 45.300 2.7   1
     1530  29.946535  103.037964    18.011   -25176.1   -39163.3    18181.8   9455.1   7098.9  19717.0 2001  3  7  0  9 22.000 2.0   1
     1585  31.552050  102.403534    11.983   -84782.6   139282.9    14073.4   9822.0   8679.6  25484.3 2001  3  8 19 33 41.300 2.1   1
     1644  30.440388  103.349380     8.000     4728.1    15591.4     8020.4  12675.4   9471.2  15228.9 2001  3 11 16 37 23.400 2.3   1
     1651  29.418036  101.029953    -2.866  -219911.7   -95912.3     1650.9   7586.0   7640.2  19927.2 2001  3 11 22 32  4.200 3.5   1
     1659  29.467321  101.047356     8.935  -217717.2   -90297.0    13302.4   6571.8   7551.2  14222.5 2001  3 12 10 16 46.900 3.0   1
     1684  30.466702  101.566994    -0.000  -166068.3    19803.4     2195.5      0.0      0.0      0.0 2001  3 13 18 37  8.400 2.0   1
     1723  29.273525  104.337090    15.950   100334.8  -113388.7    17753.5  12720.8   8377.5  17524.7 2001  3 15  8 17 45.300 2.6   1
     1910  31.600977  102.390541     7.065   -86032.8   144833.2     9294.6   7743.4   7630.1  19299.1 2001  3 24  2 29 21.700 2.0   1
     1932  29.491186  101.030205     5.945  -219425.4   -87656.3    10332.7   7106.0   5979.7  11877.7 2001  3 25  0 23 17.500 2.8   1
     1997  29.234470  101.857948     0.725  -139893.8  -117572.9     3346.9   5970.5   7950.8  21485.7 2001  3 26 12 47 28.600 2.9   1
     2059  29.218306  101.829781     7.995  -142486.0  -119198.7    10707.0   9468.1  13848.4  17385.5 2001  3 28  6 38 53.400 2.7   1
     2135  29.484529  101.062401     3.602  -216408.2   -88489.6     7896.0  13339.8   9708.9  27832.7 2001  3 30 10 28 13.200 2.7   1
     2138  29.500824  101.028610     3.861  -219630.5   -86610.9     8239.2  12631.0   9041.0  19241.3 2001  3 30 15 38 13.900 2.8   1
     2143  29.480391  101.027908    18.952  -219221.7   -88668.9    23355.1  11347.6   5841.8  18300.3 2001  3 30 19 26 28.200 3.0   1
     2165  29.543266  103.321274    13.316     2053.9   -83966.5    13870.8   4011.9   5491.1   7098.3 2001  3 31 23 22 22.200 1.9   1
     2244  31.601871  104.024475     7.947    68524.7   144786.8     9963.3   8125.5  11935.6  29366.8 2001  4  4  4 20 10.900 2.2   1
     2248  29.434820  101.031219    13.967  -219173.3   -93799.5    18439.3   8775.7   9214.0  17227.0 2001  4  4  9 20 16.800 2.9   1
     2257  29.500362  101.029633    -1.952  -219733.0   -86743.2     2428.0   8173.0   5869.6  12519.9 2001  4  4 18 55 26.900 3.4   1
     2286  29.483301  101.082993    -0.000  -214541.4   -88715.4     4231.4      0.0      0.0      0.0 2001  4  6 13  2  7.800 3.4   1
     2301  30.477093  101.604416     4.458  -162352.6    20890.1     6562.8   7222.4   6341.0  19810.9 2001  4  7  0 37 51.400 2.3   1
     2323  29.684908  102.612457     9.002   -66322.3   -68096.7     9711.7   5281.1   6287.8  10129.2 2001  4  7 20 34 24.800 2.0   1
     2329  29.484394  101.029106    -0.500  -219768.6   -88497.9     3905.9   7073.9   6859.3  18341.5 2001  4  7 22 36 39.000 2.5   1
     2330  29.484762  101.046959     8.962  -217717.2   -88359.8    13302.4  10681.3  10435.1  19557.0 2001  4  7 23 46 29.000 2.7   1
     2336  29.484476  101.062126    16.283  -216004.0   -88319.0    20569.4   8454.0   8324.8  16620.9 2001  4  8  2 22 17.100 2.8   1
     2339  32.152222  103.595932     7.943    27825.0   205700.7    11329.8  13468.1  14683.4  39423.3 2001  4  8  6 23  0.400 2.0   1
     2367  29.700003  102.083000    -0.000  -117538.3   -66085.8     1427.1      0.0      0.0      0.0 2001  4  9  1 56 51.300 1.9   1
     2381  29.481617  103.446335    15.976    14129.1   -90759.6    16640.0   9660.9   9055.7  11659.1 2001  4  9 14 35 11.900 2.1   1
     2403  30.834988  103.113853    20.981   -17714.1    59305.4    21282.4   8864.8   9403.7  18493.6 2001  4 10 19 29 52.800 2.8   1
     2432  31.150976  103.621239     7.962    30530.8    94545.3     8737.8  10253.8   7294.9  16110.7 2001  4 11 17 16 58.500 2.0   1
     2434  31.351709  103.888466    10.946    55783.4   116881.5    12264.5  11909.3   7718.6  23783.4 2001  4 11 18 30 18.600 1.9   1
     2491  30.034695  102.834152     3.872   -44816.3   -29390.7     4097.4   5430.5   5299.0  29892.4 2001  4 14 11 29 43.400 2.1   1
     2518  31.835365  102.911545     9.934   -36638.7   170500.4    12325.4   9764.8  11787.3  25537.8 2001  4 15 23  1 38.100 1.8   1
     2562  30.615568  102.411484     9.994   -84889.5    35366.3    10658.8   3053.5   4937.3  14507.3 2001  4 17 22 15 44.600 1.7   1
     2566  30.005007  101.795677     7.948  -144657.5   -31802.5     9671.9  11904.6   4267.2  20434.2 2001  4 18  8 36 37.300 2.5   1
     2593  31.666704  102.282990     0.000   -96244.2   152386.8     2549.9      0.0      0.0      0.0 2001  4 19 12 55 47.600 3.8   1
     2601  30.667498  102.753769    12.028   -52143.6    40911.5    12373.7   7010.5   6862.0  34870.9 2001  4 19 18 50 12.000 1.7   1
     2632  31.583303  103.266998    -0.000    -3126.4   142685.0     1598.8      0.0      0.0      0.0 2001  4 21  2 38 56.800 2.0   1
     2704  29.468069  101.079956     5.964  -214666.4   -90318.4    10225.7   8940.9   7559.8  14671.8 2001  4 23 11 26  5.900 2.9   1
     2759  29.732216  102.946495     1.970   -34122.2   -63061.1     2373.9   5083.4   6193.4  19914.2 2001  4 25 11  1 18.900 2.2   1
     2780  30.333302  102.232994     0.000  -102397.0     4183.9      824.3      0.0      0.0      0.0 2001  4 25 23 46 21.600 1.9   1
     2838  30.716703  103.483002    -0.000    17493.7    46348.7      192.6      0.0      0.0      0.0 2001  4 28 15 16  3.300 3.0   1
     2999  31.451740  103.938515     7.941    60491.6   128069.1     9517.2   9073.4   8201.2  27689.0 2001  5  4 23 16 54.100 2.3   1
     3020  29.442472  101.072739     6.722  -215393.2   -93136.0    11049.9   5560.1   6122.9  13642.1 2001  5  5 13 27  0.200 2.5   1
     3132  29.098021  102.436714    18.941   -83625.5  -132929.0    20882.7   6150.3  10422.4  12805.0 2001  5  8 15 45 47.600 2.3   1
     3152  29.433300  100.999992     0.000  -222678.9   -94113.6     4588.3      0.0      0.0      0.0 2001  5  9  7 19 17.200 2.8   1
     3263  29.945024  103.162430    -0.430   -13255.2   -39465.6     -293.7   5621.5   5236.7  25455.4 2001  5 14  3 57 37.000 2.5   1
     3425  29.114870  102.384682     7.983   -88803.7  -131248.2     9956.3   5420.5  11995.6  20902.2 2001  5 19 17 57  9.600 2.0   1
     3431  29.525734  101.013214     2.898  -221097.4   -83826.6     7289.5   9874.5   6880.3  19695.6 2001  5 20  2 58  7.200 2.3   1
     3441  32.097393  101.576302     0.104  -162342.3   201056.4     5347.2  14186.0  18248.2  19278.6 2001  5 20 11 50 47.900 3.0   1
     3442  32.118561  101.560585    10.883  -163507.0   203087.6    16229.3  12598.2  14217.1  19394.2 2001  5 20 11 52 47.400 2.8   1
     3556  31.461075  102.131813     8.039  -110653.8   129502.7    10319.0   5251.9   4271.0  16111.9 2001  5 22 23 41 35.100 2.2   1
     3564  29.284828  103.014168     6.995   -27690.4  -112717.2     8053.5   5053.4   5821.5  10376.5 2001  5 23 11  1 11.800 2.0   1
     3591  31.033302  103.333000     0.000     3143.9    81537.6      522.6      0.0      0.0      0.0 2001  5 24  4 47 28.800 1.4   1
     3669  29.429585  102.896439    12.010   -39009.6   -96530.4    12862.1   7937.7   8230.0  14082.1 2001  5 27  0 35  0.100 2.8   1
     3705  30.682388  102.848740     5.999   -43112.0    42564.5     6287.2   9597.2   6594.4  21838.4 2001  5 28  8  0 35.800 2.8   1
     3742  29.440287  101.080200     8.946  -214601.1   -93360.2    13252.0   6910.8   8788.3  16613.8 2001  5 29 21 25 58.700 2.4   1
     3783  31.750006  103.266998    -0.000    -3120.8   161216.0     2040.8      0.0      0.0      0.0 2001  5 31  3 51 33.500 1.8   1
     3791  29.441685  101.073959     1.864  -215441.0   -93297.1     6192.6   9733.2  10661.3  36445.7 2001  5 31 11 22 41.000 3.0   1
     3869  29.433300  101.050003     0.000  -217840.3   -94210.6     4422.4      0.0      0.0      0.0 2001  6  3  0 44 53.300 3.1   1
     3915  29.815220  102.353470     8.012   -91198.5   -53456.5     8890.2   9137.3   6375.1  15505.3 2001  6  4 15 27 31.100 2.1   1
     3918  31.034969  103.954460    16.955    62188.1    81684.1    17784.4  10284.6  12248.5  14360.1 2001  6  4 17 57 30.000 2.0   1
     3931  29.784554  102.384415     6.003   -88272.2   -56904.6     6869.3   8086.2   4943.7  14274.1 2001  6  5  2 34 25.400 2.1   1
     3967  30.384876  102.453300     8.023   -81111.8     9728.2     8547.3   8645.4   8546.1  22060.5 2001  6  6 11 52  8.900 2.2   1
     4050  29.085299  102.469238     7.969   -80623.6  -134594.6     9903.7   3200.7   8115.4  11029.3 2001  6  9  6  9 21.100 2.2   1
     4065  29.416702  101.082993     0.000  -214682.3   -96118.7     4343.6      0.0      0.0      0.0 2001  6 10  0 10 19.900 3.1   1
     4100  31.504566  102.437119     2.995   -81763.8   134179.1     4934.2   2820.1   2677.4  12538.6 2001  6 11 10 55  8.500 2.4   1
     4128  31.233305  103.383003     0.000     7891.5   103776.5      850.1      0.0      0.0      0.0 2001  6 13  6 34 37.100 2.0   1
     4177  30.720018  101.699585     7.048  -152796.9    47728.5     9061.8   5555.6   4723.7  13182.1 2001  6 14 22 48  5.800 1.8   1
     4211  30.653667  103.087860    10.016   -20260.7    39282.5    10169.4  10434.7  10938.5  31631.7 2001  6 16  7 41 57.300 1.8   1
     4260  31.395828  103.188187     2.975   -10608.3   121791.2     4148.5   5279.7   5715.3  14314.2 2001  6 18  5 49 11.900 1.9   1
     4290  30.134764  102.493027    11.998   -77455.3   -18063.6    12495.2   6470.0   5716.1  11044.7 2001  6 20  5 19 58.400 2.1   1
     4359  29.798288  102.328949    16.953   -93446.1   -55239.2    17880.7  11583.5   8610.8  18675.9 2001  6 23 10 16 13.200 1.7   1
     4417  31.401859  103.807297     7.968    48086.1   122467.6     9328.9  11790.4   7731.4  19657.2 2001  6 25  6 31 37.100 2.5   1
     4668  28.815142  102.647507    15.846   -63410.6  -164497.5    18292.1   5073.6   8198.8  13446.5 2001  7  6 21 27 11.500 2.1   1
     4684  29.451260  101.070206     6.987  -215610.1   -92151.6    11308.1   6357.7   8262.6  14513.6 2001  7  7 15 48 47.700 3.0   1
     4689  29.445660  101.066833     5.967  -215982.1   -92782.1    10308.7   5771.6   7848.6  13521.6 2001  7  7 17 28 57.400 2.8   1
     4738  29.863451  101.273224     3.017  -195308.3   -46775.8     6184.7   4875.5   2230.5  13869.4 2001  7  9  1 56 10.300 2.7   1
     4799  30.513338  103.246094    12.000    -5154.2    23678.1    12046.2  11102.5   8817.6  16077.6 2001  7 12  1  8 15.800 2.4   1
     4821  29.998991  102.321442     6.020   -94140.5   -33033.4     6802.2   8317.8   6655.9   8566.2 2001  7 12 21 54 38.800 3.2   1
     4827  31.851204  103.965729     7.176    62807.1   172454.6     9822.7   8009.8  12676.1  16661.8 2001  7 12 23 49 25.500 1.9   1
     4877  30.466702  101.582993    -0.000  -164535.6    19780.1     2155.7      0.0      0.0      0.0 2001  7 14 18 34 30.600 2.2   1
     4889  31.651903  102.762482     2.949   -50853.9   150361.4     4927.6   4100.9   5099.3  19298.8 2001  7 15 11  5 25.300 1.8   1
     4914  31.598116  104.061867     5.052    72096.8   144458.6     7099.3  13133.7   8141.4  11352.6 2001  7 16  2  4 47.800 2.1   1
     4934  31.116703  103.116989     0.000   -17421.4    90823.9      671.2      0.0      0.0      0.0 2001  7 16 18  5 15.900 2.1   1
     4978  31.534044  103.988564     7.939    65175.4   137235.1     9752.8   9062.8   7557.2  26852.5 2001  7 18 20 11  7.200 3.1   1
     4991  29.401646  101.077126    11.012  -214909.7   -97612.1    15393.4  12147.3  11841.0  21217.5 2001  7 19 10 49 23.900 2.7   1
     5025  31.685341  103.211792     7.949    -8336.0   153838.4     9814.2   8084.6   8607.8  24243.2 2001  7 20  9 47 22.500 1.9   1
     5157  29.786386  102.280205     8.007   -98285.8   -56597.2     9017.6   9028.3   8557.7  19874.1 2001  7 25 15 29 31.000 1.8   1
     5191  29.433300  101.067001     0.000  -216195.4   -94243.1     4366.8      0.0      0.0      0.0 2001  7 26 18 21 33.900 3.2   1
     5255  31.918779  103.411873     6.946    10547.1   179784.5     9495.0  10580.8  11630.8  25157.0 2001  7 29  8 24  3.100 2.5   1
     5257  31.234268  103.287781     4.968    -1161.0   103800.1     5814.4   6178.2   5514.8  14626.0 2001  7 29  9 22 10.900 3.1   1
     5291  29.120815  103.550697     5.977    24329.3  -130960.3     7371.0   8590.6   5704.5  11540.0 2001  7 31  3 47 25.300 2.6   1
     5299  30.016701  103.083000    -0.000   -20893.3   -31481.3      112.0      0.0      0.0      0.0 2001  7 31 11 18  9.900 2.2   1
     5332  31.485209  103.078766     2.952   -20969.0   131738.9     4349.4   7270.1  11805.4  15385.1 2001  8  2 16 47 25.300 1.9   1
     5388  29.433304  101.032990     0.000  -219485.9   -94177.9     4478.4      0.0      0.0      0.0 2001  8  5 13 59 22.700 3.0   1
     5394  30.631903  102.821266    10.027   -45732.2    36943.7    10298.4  10702.4  10880.8  17043.7 2001  8  5 20 34 43.200 1.8   1
     5420  29.950905  101.795242    10.966  -144710.0   -37791.8    12725.0  10420.8   9956.3  21857.9 2001  8  7  6 37  3.200 2.4   1
     5605  28.452225  103.387512    13.948     8537.4  -204974.5    17258.8  11685.2   8549.1  21979.7 2001  8 13 13 52  5.400 2.3   1
     5614  30.467619  101.780060     6.961  -145495.8    19591.7     8654.4  12172.4   7225.2  17220.0 2001  8 14  2 48 42.900 2.3   1
     5655  31.601933  103.086288    12.955   -20198.1   144480.2    14629.0   5894.1   8669.2  18964.7 2001  8 15 14 57  3.800 1.8   1
     5748  31.231712  103.304054    11.974      385.1   103402.3    12814.5  11431.6   5532.7  27178.9 2001  8 19 10 47  5.400 2.3   1
     5749  31.250004  103.333000     0.000     3136.8   105630.9      876.5      0.0      0.0      0.0 2001  8 19 11  5 20.900 1.7   1
     5754  31.601927  103.080505     3.958   -20774.7   144684.8     5636.5   6235.7   8147.9  16859.1 2001  8 19 22 42 59.300 1.7   1
     5890  31.551498  102.418381     4.994   -83470.9   139363.8     7066.9   7534.1   7007.4  20229.4 2001  8 25  3 13 21.400 2.3   1
     5900  29.435251  101.090805     8.055  -213616.9   -93952.7    12336.1   6316.4  10959.9  19694.1 2001  8 25 10  7  5.300 2.5   1
     6000  30.472910  101.618690    -0.751  -161124.8    20421.6     1319.0   4622.5   4384.5  11671.8 2001  8 30 16 39  8.100 2.6   1
     6022  30.461359  101.615204     2.886  -161385.5    19131.1     4960.5   5261.2   4309.1   8854.7 2001  9  1  0 33 19.500 2.2   1
     6026  29.915197  102.753616    11.004   -52568.0   -42587.4    11363.4   5708.6   5836.3  17647.0 2001  9  1  3 56 18.900 2.2   1
     6037  31.768700  103.817169    10.948    48806.5   163124.2    13227.7   5444.3   8159.0   9243.6 2001  9  2  1  5 41.100 2.1   1
     6038  31.550970  104.388176     4.153   103039.6   139493.3     6515.5  13091.9  15808.2  43799.5 2001  9  2  2 30 42.500 2.4   1
     6087  31.201698  103.488167     7.963    17874.0   100149.3     8776.5   6880.0   6180.9  17289.7 2001  9  3  7 33 11.500 2.0   1
     6154  30.466702  101.582993    -0.000  -164535.6    19780.1     2155.7      0.0      0.0      0.0 2001  9  7  0 53 40.000 2.6   1
     6192  30.433302  101.699997     0.000  -153379.7    15902.9     1866.4      0.0      0.0      0.0 2001  9  8  3 38 44.000 2.0   1
     6193  30.401070  101.645073     2.946  -158622.2    12388.9     4933.9   9639.3   7697.5  18795.5 2001  9  8  4 32 55.300 2.1   1
     6195  30.405563  101.661255     9.949  -156891.3    12851.7    11896.9   9852.2   8483.6  24552.1 2001  9  8  5 14 27.200 2.1   1
     6214  30.444616  101.645439     4.951  -158466.1    17222.3     6947.1   8315.1   6354.8  17892.7 2001  9  9  3 43 48.900 2.3   1
     6218  30.456203  101.572685     4.018  -165436.8    18616.0     6195.2   5730.5   4450.5  16967.2 2001  9  9  7 46 20.000 3.3   1
     6261  30.616703  103.083000    -0.000   -20765.8    35235.1      131.3      0.0      0.0      0.0 2001  9 10 16 40 46.200 2.2   1
     6307  31.651957  103.084106     3.958   -20422.6   150242.4     5763.4   6545.4   8068.8  14062.0 2001  9 12 14 10 56.100 1.6   1
     6312  29.435322  101.062111     7.070  -216423.4   -93905.0    11444.2   6925.9  10051.1  17904.8 2001  9 12 16 38 27.100 3.2   1
     6526  31.534662  102.412247     3.943   -84080.2   137521.1     5983.3   8429.6   9046.8  17651.2 2001  9 18 22  0 39.700 2.0   1
     6696  28.831137  102.212128    12.915  -105750.5  -162474.9    15871.0   6374.2   7306.8  18244.2 2001  9 21 14 25 19.500 2.5   1
     6713  30.631786  102.912323     2.001   -37080.1    36944.2     2215.8  10474.8  13385.9  30730.3 2001  9 21 18 29 59.800 1.9   1
     6765  31.951950  102.020813     4.921  -120585.4   184199.9     8728.6   9570.8  12466.3  20196.3 2001  9 23  6 34 47.500 3.9   1
     6801  30.934614  103.342957    10.901     4089.8    70444.0    11292.6   4395.1   8738.4   6968.8 2001  9 24  8 18  0.500 3.2   1
     6877  29.902884  102.749260    13.001   -52977.4   -43938.8    13374.0   6711.8   2852.0  12106.7 2001  9 26  6 48 14.100 2.6   1
     6963  29.917704  101.988533     4.993  -126285.3   -41746.6     6382.2   7613.1   6000.2  13804.1 2001  9 28 22 37 47.000 2.1   1
     6964  29.928850  102.011444    13.970  -123891.2   -40476.4    15306.0   7272.7   4890.0  10936.2 2001  9 28 22 58 35.600 2.2   1
     6979  29.917633  102.011375    12.974  -123930.8   -41727.6    14319.0   6183.8   7123.3  14416.6 2001  9 29  8 33 36.800 2.2   1
     7013  29.927303  101.987244    14.035  -126217.6   -40620.9    15418.1   8231.5   9413.8  18900.8 2001  9 30  1 37 54.000 2.1   1
     7150  31.730890  102.777603     5.970   -49358.6   159055.5     8148.9   5507.7   7787.0  27591.8 2001 10  5 11 59  6.700 1.7   1
     7194  29.384054  102.011520     3.992  -124751.5  -101072.6     6017.0  10280.5  10187.4  23696.5 2001 10  9  0 51 37.100 2.5   1
     7195  29.401300  101.074631    -1.085  -215561.6   -97831.4     3313.2   6022.8   7288.8  24950.1 2001 10  9  1 32 21.000 3.0   1
     7259  30.183302  102.516991     0.000   -75259.5   -12716.9      457.2      0.0      0.0      0.0 2001 10 12 21  5 18.600 2.8   1
     7278  30.117733  102.011330    14.967  -123647.0   -19518.3    16200.1   6757.4   6521.9   7853.3 2001 10 13 18 34 32.300 2.4   1
     7298  30.183302  102.516991     0.000   -75259.5   -12716.9      457.2      0.0      0.0      0.0 2001 10 14 15 41 23.200 2.9   1
     7299  30.165472  102.504318     7.358   -76403.6   -14674.0     7833.8  14629.5   7375.7  14410.5 2001 10 14 15 42 35.500 2.3   1
     7335  30.134743  102.946274     7.996   -33973.9   -18299.9     8112.8   6223.6   7207.8  12859.9 2001 10 15 19 45 11.900 2.5   1
     7355  29.015873  102.014328     4.950  -124909.3  -141958.5     7759.2   6097.7   9741.2  12554.1 2001 10 16 17  6 24.100 2.2   1
     7392  31.884632  102.961754     0.933   -31931.4   176201.8     3450.2  10371.3  14287.4  28250.7 2001 10 18 15 57 32.100 2.0   1
     7400  31.583303  101.782997    -0.000  -143681.2   143644.2     3240.3      0.0      0.0      0.0 2001 10 18 20 19 57.000 2.8   1
     7453  28.770222  102.224754    10.999  -104615.3  -169294.3    14113.4   8236.8   6532.2  22998.0 2001 10 20  7 37 11.300 2.4   1
     7551  29.517199  103.074501    -1.580   -21825.5   -87040.7     -948.4   3424.7   4155.1  13928.0 2001 10 23 10 33 54.800 1.9   1
     7564  29.516701  103.149994     0.000   -14514.6   -87086.5      611.8      0.0      0.0      0.0 2001 10 23 18 31 58.500 2.0   1
     7576  29.483301  101.032990     0.000  -219377.8   -88619.9     4394.9      0.0      0.0      0.0 2001 10 24  9 19 51.100 2.6   1
     7631  29.666298  103.212296    11.997    -8458.4   -70327.0    12391.5   6665.4   4923.4  10137.4 2001 10 26  3 29 39.800 2.9   1
     7735  31.731003  101.297165     5.994  -189200.2   160622.3    10834.4   6024.7   7306.7  12641.9 2001 10 28 10 14 20.400 2.7   1
     7761  29.674484  103.212288    11.007    -8459.4   -69429.3    11391.6   6281.5   5249.9  14158.7 2001 10 28 21 48 23.200 3.1   1
     7835  31.485235  104.039017    11.952    69943.2   131763.0    13702.3   9891.1  10648.6  22793.2 2001 10 31  2 59 20.400 1.9   1
     7886  30.367851  102.346375    11.970   -91313.0     7913.6    12630.3   9613.5  13865.7  24920.1 2001 12  2  0  9 47.200 1.6   1
     7901  29.681677  102.064171    11.974  -119153.4   -67975.8    13453.6  10846.9   5017.0  17921.0 2001 12  2 15  0 16.000 2.3   1
     8016  29.674652  102.030800     3.016  -122551.7   -68816.5     4567.1   6105.6   4149.5  11902.2 2001 12  5  0 49 18.000 1.8   1
     8029  31.285204  103.426575    17.967    11994.2   109241.5    18917.3  11261.4  11681.7  12562.4 2001 12  5  8 27 28.600 1.3   1
     8135  29.350002  104.066994     0.000    74336.9  -105379.2     1305.3      0.0      0.0      0.0 2001 12  8  9  0 15.400 3.3   1
     8188  29.534487  102.026154     2.176  -123186.9   -84398.7     3927.2   5782.3   6425.0  19460.4 2001 12 10  2 31  6.400 2.7   1
     8280  28.216700  103.882996     0.000    57122.1  -231454.7     4461.9      0.0      0.0      0.0 2001 12 12  7 10 28.000 3.3   1
     8419  30.048307  103.137383     3.009   -15644.6   -27962.4     3089.2   3592.5   4719.4  17911.3 2001 12 14 23 49 49.200 2.0   1
     8477  32.100002  101.632996    -0.000  -157002.0   201270.2     5115.8      0.0      0.0      0.0 2001 12 16  2 25 45.700 3.2   1
     8481  31.800001  102.016998     0.000  -121238.7   167458.2     3355.2      0.0      0.0      0.0 2001 12 16  2 48 19.100 2.3   1
     8493  31.736116  101.936905     8.001  -128732.7   160243.8    11322.2   8498.5   3996.7  14929.9 2001 12 16  8 35 37.100 2.4   1
     8607  31.267544  103.232559    -2.031    -6411.6   107616.7    -1119.5   6281.9   6945.2  20350.2 2001 12 20  4 42 27.400 1.8   1
     8631  31.544594  102.401230     7.998   -85060.7   138544.2    10074.7  10739.3   6892.0  31129.2 2001 12 21  4 52 30.900 1.9   1
     8676  31.701952  103.185181     9.871   -10846.1   155637.8    11784.3   5534.8   9281.6  15253.2 2001 12 22 11 32  5.400 1.4   1
     8731  29.803131  102.310860     1.978   -95405.9   -54815.9     2928.3  10328.2   7748.9  21198.7 2001 12 23 17  1 11.500 1.7   1
     8788  29.516701  101.050003     0.000  -217661.2   -84939.6     4285.8      0.0      0.0      0.0 2001 12 25  7 48 41.200 2.5   1
     8849  30.218010  103.412209     5.834    10771.2    -9103.1     5849.7   8859.0   5109.9  28768.2 2001 12 27  4 47 37.600 2.0   1
     8863  30.467913  103.046165    10.987   -24285.9    18665.6    11060.9   9191.6  10665.1  12356.1 2001 12 27 18  1 39.300 3.0   1
