   620126  30.365129  103.081871    29.967   -20829.1     7227.6    30005.6   3930.6   2652.9   6681.2 2001 12 27  9 19 52.800 0.0   1
   620149  30.092525  103.464775     4.332    15842.1   -23042.9     4393.5   7404.0   3630.9   8387.3 2002  7  3 23 48 54.500 0.0   1
   620163  30.177231  102.079811     5.655  -117177.6   -13009.9     6746.7   3475.5   4052.8   4064.6 2002  9 13  5 36 42.700 0.0   1
   620164  30.176985  102.114128     4.508  -113903.6   -13074.3     5540.8   3573.4   3984.3   3578.8 2002  9 16 19 55 52.600 0.0   1
   620175  31.072197  103.474678     8.572    16613.8    85758.8     9172.1   3836.3   2115.3   4082.1 2002 11 16 16 17 59.200 0.0   1
   620190  29.211777  102.201996     9.806  -106394.9  -120296.9    11833.8   1534.9   1920.9   3999.0 2003  2 10 14 25 47.000 0.0   1
   620199  29.282248  104.036949     1.741    71452.7  -112900.2     3142.7   6039.1   5194.8   5630.6 2003  3 18  6 48 35.800 0.0   1
   620203  31.281116  103.600571    13.832    28500.9   108890.5    14828.9   4041.5   2504.1   4398.1 2003  5  5 18 59 58.200 0.0   1
   620209  29.058281  102.211876    -0.669  -105768.3  -137569.6     1694.2   2368.9   2450.4   4180.8 2003  6  2  3 30  7.700 0.0   1
   620249  31.053106  103.375984     0.075     7238.1    83740.2      629.1   5187.0   2535.8   2954.9 2003  9 15  9 18 59.300 0.0   1
   620252  29.173332  102.241325     7.989  -102651.3  -124636.1    10037.7   1421.8   1936.3   4150.9 2003  9 16 17  9 40.700 0.0   1
   620256  28.981934  102.210030     0.625  -106004.8  -146026.1     3181.4   2322.7   2894.6   3526.2 2003 10  9  9 41 24.000 0.0   1
   620279  29.131802  101.148727    -1.188  -208940.5  -127933.6     3523.2   3228.7   3742.1   3541.2 2003 11 19 12 40 33.100 0.0   1
   620286  29.339222  100.929489     2.099  -229638.3  -104396.6     7096.2   3005.9   3078.2   3149.7 2003 11 27 14 14 53.200 0.0   1
   620320  28.019806  103.362381     9.207     6114.5  -253111.0    14246.8   8485.8   2488.8   4097.7 2004  3  1 10 15 51.000 0.0   1
       12  29.457251  101.050720     5.819  -217520.4   -91466.1    10194.3   1952.3   1824.0   4013.9 2001  1  2  0  2 43.600 3.0   1
      115  29.463100  101.040710     3.959  -218538.8   -90823.9     8359.2   2581.2   1909.0   3547.7 2001  1  6  7 20 10.500 3.0   1
      133  31.714058  104.261116     4.990    90837.7   157480.9     7586.7   2237.3   2283.1   2728.8 2001  1  7  5 49  4.400 2.8   1
      137  29.115091  103.688560    10.892    37682.1  -131456.6    12362.4   1766.3   1614.7   2462.1 2001  1  7  7 49 58.600 2.9   1
      138  29.121445  103.699921    12.200    38773.3  -130721.0    13662.0   2278.1   1715.5   2404.2 2001  1  7  7 53 11.100 2.3   1
      153  31.481022  104.083008     9.164    74142.2   131380.7    10952.9   1630.3   1713.8   2582.9 2001  1  8  2  2 37.400 2.1   1
      191  29.467468  101.005272    13.769  -221613.2   -90130.6    18272.6   3379.1   2769.2   4039.2 2001  1  9 13  5  2.200 3.4   1
      293  29.958555  103.139046    -0.134   -15505.9   -37956.6       -2.4   1934.8   1366.4   1793.9 2001  1 12 15 53 18.400 2.4   1
      322  31.435318  102.489250    17.457   -76706.3   126160.7    19172.8   1682.4   1466.1   2997.5 2001  1 13 20 39 56.500 2.8   1
      354  31.129440  103.769325     6.657    44624.2    92222.1     7481.5   1749.1   1316.0   2543.2 2001  1 14 17 41 38.100 2.4   1
      356  31.155642  103.776993    -1.287    45397.7    95253.7     -413.1   1910.7   1435.1   2001.1 2001  1 14 18 20 23.100 2.0   1
      370  30.292463  103.084366     5.085   -20687.1     -817.8     5118.9   2260.9   1453.6   3315.7 2001  1 15  5 21 35.300 2.9   1
      374  31.750999  103.810349     7.966    48194.9   161232.7    10191.9   2006.9   2240.9   3610.3 2001  1 15  8 54  9.100 1.8   1
      381  31.166296  103.763779    -2.754    44144.8    96455.6    -1871.1   2301.3   1477.5   1988.3 2001  1 15 18 34 30.800 2.0   1
      401  31.553602  102.414307    14.028   -83735.2   139402.5    16108.6   1938.8   1409.4   3025.4 2001  1 17  5 21 39.100 1.9   1
      405  29.471304  100.948822    10.071  -227185.8   -89646.1    14761.6   1835.0   2058.9   3476.5 2001  1 17  9  7 19.400 2.6   1
      443  29.455885  101.018669     1.852  -220758.8   -91613.2     6338.2   1001.1   1177.5   2047.8 2001  1 18 18 32 40.400 2.6   1
      500  31.140896  103.820450    12.502    49434.0    93429.4    13380.9   2285.2   1650.5   2626.4 2001  1 21  8 16 31.600 2.8   1
      504  31.126833  103.813583    13.496    48781.1    91851.6    14346.2   1515.5   1349.1   2387.1 2001  1 21 13  8 44.500 2.9   1
      510  31.136524  103.763084    -2.316    44090.5    93137.4    -1482.6   2660.8   1628.8   2337.1 2001  1 21 14 25 45.400 2.1   1
      528  31.142563  103.790451     8.176    46615.1    93665.2     9036.6   1689.0   1521.9   3012.6 2001  1 22  3  3 47.600 2.5   1
      584  29.449867  100.973068    12.417  -224808.9   -92039.5    17058.5   1842.9   1710.8   3738.5 2001  1 25  0 31 21.400 3.1   1
      586  29.456509  101.067375    -2.807  -216204.6   -91704.3     1521.1   1479.6   1282.7   1662.2 2001  1 25  1 35 47.500 2.8   1
      593  30.024927  103.024452     4.054   -26510.9   -30535.1     4182.0   1844.0   1713.1   1848.3 2001  1 25  8 40 55.600 2.0   1
      595  30.934481  101.100456    -1.817  -209796.4    72601.2     2050.9   3541.8   3167.3   4438.7 2001  1 25  9 46 46.700 1.9   1
      607  28.935472  102.481445    21.755   -79381.9  -150910.2    24045.5   3018.9   2422.9   3794.8 2001  1 26  1 17 18.600 2.2   1
      665  30.940321  103.154831    18.432   -13805.0    71001.4    18844.0   1546.6   1825.0   2300.4 2001  1 29  4 14 37.300 3.0   1
      699  30.401497  101.996422     9.461  -124823.9    11985.6    10697.2   3507.8   3028.3   7029.3 2001  1 31 17 23  9.600 2.2   1
      732  29.504463  103.259270     7.192    -3937.1   -88356.0     7806.9   1780.0   1450.8   3338.4 2001  2  2 14 42 34.500 2.6   1
      753  30.018454  103.114288     2.563   -17872.8   -31279.5     2665.1   2138.3   1416.1   2737.8 2001  2  4  4 42  4.400 2.0   1
      821  30.616621  103.054146     3.525   -23513.2    35212.2     3665.3   1470.4   2529.1   2600.7 2001  2  9 11 33 16.600 2.1   1
      822  30.409088  102.678017     0.956   -59636.9    12291.5     1246.9   1723.8   2263.9   2353.4 2001  2  9 17 44 48.600 2.7   1
      854  29.647615  102.323341     7.813   -94261.6   -72046.1     8919.3   2118.5   1668.2   2761.2 2001  2 11  6 25 36.200 2.1   1
      895  29.456478  101.065681    12.368  -215853.4   -91486.1    16691.2   1562.8   1895.0   4154.3 2001  2 12 17 55  4.600 2.7   1
      899  29.449812  101.046738    10.086  -217775.7   -92222.9    14483.8   1562.0   1446.6   2508.7 2001  2 12 20 44 50.100 3.3   1
      911  29.453327  101.069420    11.705  -215522.1   -91852.7    16021.9   1929.9   1624.1   2474.9 2001  2 13  1  0  9.400 2.8   1
      924  29.440083  101.024651    15.126  -219755.3   -93186.0    19609.6   1929.1   1938.0   3109.0 2001  2 13 15 32 21.900 2.4   1
      945  29.448879  101.035202     0.128  -219233.7   -92448.5     4572.4   1289.9   1139.4   1848.7 2001  2 14 13  0 32.600 3.1   1
      946  29.474176  101.045555     1.637  -218126.5   -89635.3     6004.4   1281.7   1223.2   1968.0 2001  2 14 15 27 28.200 0.0   1
      951  29.471733  101.028877    -0.190  -219807.6   -89900.4     4237.5   1242.3   1124.5   1568.3 2001  2 14 15 39 59.900 3.0   1
      960  29.466293  101.014717     3.257  -221069.5   -90428.6     7738.0   1362.9   1408.9   2848.7 2001  2 14 16 24 47.900 3.3   1
      970  29.474844  101.019852    10.953  -220288.0   -89380.4    15397.3   2206.8   1783.2   2845.3 2001  2 14 17 50 30.900 2.9   1
      976  29.463696  101.054253     1.481  -217312.6   -90819.2     5836.8   1383.2   1165.3   2051.7 2001  2 14 18 34 57.000 2.6   1
     1010  29.462305  101.022705     4.713  -220255.3   -90866.6     9173.6   1193.4   1045.5   2054.1 2001  2 15  9 15 58.700 2.7   1
     1034  29.465092  101.031212     6.394  -219369.4   -90549.7    10820.2   1331.6   1284.0   2555.4 2001  2 16  6 37 57.100 2.7   1
     1035  29.469788  101.034950     1.102  -219179.4   -90110.4     5511.4   1180.1   1087.2   1651.6 2001  2 16  7  3 16.800 2.7   1
     1095  31.206326  103.440010     3.658    13308.0   100724.5     4469.0   1516.7    798.7   1995.8 2001  2 17 17 43 43.500 2.2   1
     1153  29.463974  101.042412     5.351  -218324.9   -90710.3     9743.1   1111.5   1292.8   2735.7 2001  2 19 13 16 49.100 2.6   1
     1155  29.465792  101.064087     3.806  -216278.4   -90572.0     8124.7   1706.7   1435.1   2701.6 2001  2 19 13 37 16.200 2.5   1
     1171  29.469534  101.040901     2.369  -218561.0   -90131.9     6759.0   1215.0   1161.0   2031.4 2001  2 20  8 21 28.400 2.8   1
     1240  29.727125  102.630692     9.368   -64532.7   -63415.8    10011.6   2471.5   2555.6   3066.5 2001  2 22 19  5 56.500 1.8   1
     1243  31.713310  102.379120     4.777   -87038.9   157371.7     7317.6   1931.0   2088.7   3051.3 2001  2 23  1 55 52.000 2.0   1
     1247  29.445971  100.983887    -1.458  -224260.4   -92695.0     3164.4   1296.0   1233.1   1567.9 2001  2 23  9 34 43.000 3.0   1
     1248  29.455402  101.021065    11.571  -220191.2   -91531.6    16043.1   1775.7   1613.1   2674.7 2001  2 23  9 39 38.000 2.7   1
     1250  29.456991  100.999886     6.651  -222405.0   -91384.5    11194.7   1846.4   1624.9   4140.0 2001  2 23 10 11 51.000 4.2   1
     1252  29.474438  101.024017    -2.040  -220336.0   -89616.2     2400.1   1334.0   1232.0   1293.3 2001  2 23 10 19 35.900 2.6   1
     1264  31.622250  103.859238     6.720    52894.4   146989.3     8637.3   1512.4   1375.6   2619.9 2001  2 23 18 15 11.400 1.9   1
     1277  31.597788  102.973076     5.927   -30934.2   144205.0     7635.5   1450.7   1907.5   3543.7 2001  2 24  0  8 36.000 2.0   1
     1279  29.463654  101.008995    -2.339  -221822.8   -90790.6     2169.5   1256.1   1135.1   1593.6 2001  2 24  0 55 18.300 2.9   1
     1281  29.465887  101.009163     0.339  -221709.3   -90504.4     4841.0   1473.6   1417.1   1904.8 2001  2 24  2 22 20.000 2.7   1
     1285  29.466324  101.036079     2.018  -219046.8   -90484.2     6429.1   1238.9   1060.0   1702.0 2001  2 25  2  5  9.100 2.6   1
     1287  29.480722  100.985748     2.979  -223848.0   -88772.9     7533.9   1732.6   1538.4   2908.3 2001  2 25  6 28  9.300 2.0   1
     1288  29.458231  101.001488    -3.740  -222610.3   -91399.0      803.7   1288.1   1185.9   1505.3 2001  2 25  7 42 40.100 3.0   1
     1298  29.476173  101.075020     3.963  -215194.1   -89437.1     8229.5   1511.4   1230.8   2153.4 2001  2 25 14 57 26.900 3.0   1
     1300  29.451271  101.037216     4.685  -218877.8   -92120.9     9115.8   1529.8   1537.0   4165.3 2001  2 25 16 47  4.200 2.7   1
     1311  29.474216  101.028908     4.878  -219624.0   -89553.3     9298.0   1527.2   1412.4   3280.7 2001  2 26  6  4 43.400 3.0   1
     1321  29.439310  101.005928    -3.770  -222223.4   -93512.7      790.5   1351.8   1317.0   1899.7 2001  2 26 12 18  1.600 2.8   1
     1331  29.460159  101.046021     4.593  -218010.5   -91151.7     8979.7   1153.7   1205.4   2329.5 2001  2 27  2 46 21.800 2.2   1
     1352  29.458599  100.979057    -0.374  -224662.4   -91265.6     4241.9   1333.0   1256.8   1937.7 2001  2 27 22 21 48.400 3.2   1
     1388  29.455591  101.053604     1.287  -217399.6   -91721.2     5658.5   1380.7   1240.0   2302.5 2001  3  1 13 19 54.500 3.5   1
     1424  29.463678  101.021507    -0.941  -220563.6   -90792.4     3524.9   1243.8   1089.9   1879.1 2001  3  3  0 16 59.600 2.9   1
     1439  30.388887  102.645348    23.567   -62559.2    10027.6    23883.4   1567.1   1948.1   3609.3 2001  3  3 15 48  7.200 2.7   1
     1442  30.983446  103.343056     5.016     4101.6    75934.3     5470.2   1558.0   1581.9   2038.7 2001  3  3 17 38  4.500 2.1   1
     1446  29.000151  102.785904     6.845   -49942.8  -144256.0     8676.5   1716.8   3499.3   7757.8 2001  3  3 18 49 32.900 1.9   1
     1453  31.419136  101.168961    -1.454  -202216.4   126360.1     3009.0   3043.2   2913.8   3789.7 2001  3  3 23 40 12.500 2.1   1
     1457  29.448290  100.977623     1.940  -224742.4   -92375.3     6576.4   1299.2   1325.6   2419.7 2001  3  4  2  7  1.000 2.6   1
     1487  28.978222  101.843269    20.490  -141230.4  -145583.6    23730.1   2683.4   3089.2   3887.8 2001  3  4 21 10 45.300 2.7   1
     1496  29.453197  101.087425     1.201  -214135.7   -92053.0     5466.6   1655.7   1155.8   2105.2 2001  3  5 13 35  2.500 2.5   1
     1530  29.925116  103.045349    32.999   -24413.3   -41441.7    33181.8   2354.6   2139.5   4520.2 2001  3  7  0  9 22.000 2.0   1
     1550  27.698101  102.799324    11.757   -49201.0  -288576.4    18498.5   4038.2   2516.3   3392.7 2001  3  7 19 51 23.600 4.2   1
     1585  31.562454  102.444344     3.294   -81025.1   140599.7     5362.3   1946.2   2061.0   4488.5 2001  3  8 19 33 41.300 2.1   1
     1603  31.975149  103.673851     2.122    35250.9   186237.0     4942.8   2210.2   2511.7   2851.3 2001  3  9 14  0 26.700 2.0   1
     1644  30.450701  103.342064     7.035     4027.1    16739.2     7058.1   2541.9   2659.0   3350.9 2001  3 11 16 37 23.400 2.3   1
     1651  29.444365  100.977226     0.353  -224845.5   -92833.9     4999.1   1427.0   1318.9   2089.2 2001  3 11 22 32  4.200 3.5   1
     1659  29.459669  101.029259     3.441  -219671.7   -91190.5     7884.3   1231.1   1282.8   2583.1 2001  3 12 10 16 46.900 3.0   1
     1684  30.502180  101.553635     6.845  -167107.1    23742.0     9083.2   3460.4   3044.4   4027.6 2001  3 13 18 37  8.400 2.0   1
     1723  29.269386  104.283783     8.324    95296.2  -114030.5    10060.1   2770.4   3413.3   4028.0 2001  3 15  8 17 45.300 2.6   1
     1910  31.619259  102.382027    11.781   -86756.5   146760.9    14066.9   1672.1   1780.5   3423.9 2001  3 24  2 29 21.700 2.0   1
     1932  29.467943  101.013908    -0.371  -221270.3   -90295.2     4113.0   1275.2   1377.8   1823.3 2001  3 25  0 23 17.500 2.8   1
     1997  29.260786  101.834831    -0.108  -142118.8  -114634.0     2508.5   2179.9   2408.0   3415.9 2001  3 26 12 47 28.600 2.9   1
     2059  29.207098  101.835182    16.407  -141790.1  -120290.3    19127.9   2390.4   2691.1   4345.5 2001  3 28  6 38 53.400 2.7   1
     2135  29.510611  100.956985     7.300  -226408.2   -85336.7    11901.5   3156.7   2129.1   3700.6 2001  3 30 10 28 13.200 2.7   1
     2138  29.500452  100.936714     9.455  -228311.6   -86395.0    14140.2   2550.5   1981.3   4097.7 2001  3 30 15 38 13.900 2.8   1
     2143  29.484632  100.932335     8.337  -228810.2   -88157.5    13063.9   2792.0   1849.4   3608.6 2001  3 30 19 26 28.200 3.0   1
     2165  29.546778  103.355301    14.736     5337.5   -83557.1    15287.3   2212.0   1410.3   3295.1 2001  3 31 23 22 22.200 1.9   1
     2199  29.451609  100.952286     6.511  -227021.9   -91890.1    11225.3   1875.0   1658.1   4283.5 2001  4  2  1 50  2.000 2.6   1
     2238  29.427364  101.094223     8.773  -213279.0   -94823.6    13055.5   1700.7   1690.6   2655.7 2001  4  3 21 35 25.900 2.7   1
     2244  31.630299  104.032974    14.468    69236.5   147796.3    16563.3   1762.4   1305.8   1945.5 2001  4  4  4 20 10.900 2.2   1
     2248  29.430111  101.035675    15.924  -218684.9   -94301.5    20387.8   2000.2   1984.2   3098.1 2001  4  4  9 20 16.800 2.9   1
     2257  29.461805  100.959503    12.835  -226076.8   -90681.9    17502.4   1858.6   1917.2   3515.2 2001  4  4 18 55 26.900 3.4   1
     2286  29.466734  100.982262     8.008  -224038.5   -90248.9    12593.9   2436.1   1828.8   3304.3 2001  4  6 13  2  7.800 3.4   1
     2301  30.470263  101.588768     3.695  -163881.2    20156.0     5836.6   1842.7   1740.7   1957.9 2001  4  7  0 37 51.400 2.3   1
     2322  29.952890  103.224960     4.113    -7224.7   -38569.2     4234.2   2084.2   1330.8   2181.7 2001  4  7 19 51 13.200 1.9   1
     2323  29.699909  102.590271    15.418   -68383.1   -66350.7    16132.0   2387.6   2133.3   3573.4 2001  4  7 20 34 24.800 2.0   1
     2329  29.496323  100.987007     7.391  -223537.0   -86981.6    11913.1   1688.8   1198.4   1886.6 2001  4  7 22 36 39.000 2.5   1
     2330  29.485929  101.010155     9.780  -221241.1   -88147.7    14240.1   1813.0   1481.4   2418.0 2001  4  7 23 46 29.000 2.7   1
     2336  29.461424  101.013123    19.456  -220671.4   -90735.2    23939.3   1735.0   2059.6   3607.4 2001  4  8  2 22 17.100 2.8   1
     2338  29.463991  101.016876     4.435  -220824.7   -90671.8     8912.3    925.4   1190.1   2265.6 2001  4  8  5 21 41.400 2.5   1
     2339  32.233650  103.532234     4.334    21828.6   214847.0     7998.0   3001.0   3424.4   4485.1 2001  4  8  6 23  0.400 2.0   1
     2367  29.697977  102.020401    17.888  -123238.8   -66058.5    19427.1   3235.7   1878.4   6881.1 2001  4  9  1 56 51.300 1.9   1
     2381  29.459131  103.482773    15.364    17652.6   -93257.1    16073.2   2242.9   1776.7   3104.8 2001  4  9 14 35 11.900 2.1   1
     2403  30.910711  103.129936    17.829   -16178.7    67728.6    18210.7   1718.7   1759.1   2841.9 2001  4 10 19 29 52.800 2.8   1
     2434  31.385607  103.879463    11.163    54907.8   120635.0    12544.1   2039.3   1570.1   2655.8 2001  4 11 18 30 18.600 1.9   1
     2472  29.778040  102.311539     7.741   -95278.0   -57553.4     8714.5   2481.2   2076.2   2132.2 2001  4 13 17 41 13.500 2.0   1
     2491  30.055185  102.868774     2.575   -41485.3   -27132.5     2767.5   1889.9   1154.5   1660.0 2001  4 14 11 29 43.400 2.1   1
     2518  31.888573  102.877663     3.893   -39849.5   176584.2     6467.4   1565.5   2315.3   3494.8 2001  4 15 23  1 38.100 1.8   1
     2562  30.602879  102.421257    14.050   -83913.3    33928.7    14694.3   2401.8   2111.0   3507.9 2001  4 17 22 15 44.600 1.7   1
     2566  29.976795  101.693054     4.254  -154657.5   -34820.4     6228.0   3162.0   2028.9   3846.9 2001  4 18  8 36 37.300 2.5   1
     2593  31.624815  102.366272    14.448   -88203.4   147327.7    16767.5   2014.4   2216.5   3131.3 2001  4 19 12 55 47.600 3.8   1
     2601  30.700171  102.800041     6.418   -47752.7    44556.6     6752.9   2451.3   3366.1   3304.0 2001  4 19 18 50 12.000 1.7   1
     2632  31.634356  103.193222    13.317   -10087.7   148054.5    15049.0   1597.5   2342.6   4274.2 2001  4 21  2 38 56.800 2.0   1
     2704  29.450714  101.049744     1.828  -217764.9   -92248.1     6220.4   1267.9   1178.5   2026.0 2001  4 23 11 26  5.900 2.9   1
     2759  29.720499  102.959869     2.533   -32832.3   -64361.8     2943.2   2084.0   1938.2   2701.7 2001  4 25 11  1 18.900 2.2   1
     2817  31.307817  101.011650     8.481  -217054.5   114096.3    13207.8   5267.5   4554.7   4325.8 2001  4 27 14 39 56.900 3.9   1
     2838  30.770054  103.514381     1.461    20477.1    52274.0     1708.9   2184.3   2392.7   2609.4 2001  4 28 15 16  3.300 3.0   1
     2888  30.231152  102.917397     2.493   -36743.4    -7590.8     2603.9   2840.0   1856.8   2505.3 2001  4 30  8 40 35.400 2.0   1
     2903  30.917900  103.426788     0.360    12094.2    68708.5      741.9   1643.2   1798.0   2377.0 2001  4 30 20 44 48.100 2.0   1
     2999  31.463472  103.953796    -3.796    62045.3   129618.4    -2176.4   1932.8   1427.8   2570.6 2001  5  4 23 16 54.100 2.3   1
     3011  29.417089  101.111366    -0.354  -211947.5   -96134.1     3897.6   1538.7   1036.1   1598.2 2001  5  5 10 35 29.100 2.7   1
     3020  29.427488  101.114342     3.465  -211510.8   -94926.7     7686.7   1508.0   1060.9   2116.7 2001  5  5 13 27  0.200 2.5   1
     3022  29.379738  101.131798    19.806  -209382.4  -100006.9    24046.5   1609.1   2281.4   2880.4 2001  5  5 13 30 24.200 3.1   1
     3044  29.471741  101.116066    -3.110  -211469.8   -90106.5     1036.3   1713.7   1189.7   1470.7 2001  5  5 18 41  9.200 3.0   1
     3132  29.036261  102.435661    19.355   -83771.7  -139764.5    21445.6   1948.9   3008.7   4030.9 2001  5  8 15 45 47.600 2.3   1
     3152  29.457745  101.011856     3.444  -221357.9   -91370.0     7948.7   1388.7   1402.3   2261.2 2001  5  9  7 19 17.200 2.8   1
     3263  29.961977  103.187439     0.926   -10842.0   -37575.2     1046.5   1961.8   1656.0   1995.2 2001  5 14  3 57 37.000 2.5   1
     3425  29.075562  102.376137    22.884   -89456.8  -135287.9    24956.3   2355.2   3382.3   5907.8 2001  5 19 17 57  9.600 2.0   1
     3431  29.480062  100.983704     6.846  -223910.8   -88788.2    11405.9   1724.6   1363.5   2084.7 2001  5 20  2 58  7.200 2.3   1
     3441  32.173397  101.518410    14.611  -167271.6   209109.6    20253.9   2970.0   3772.2   3919.5 2001  5 20 11 50 47.900 3.0   1
     3442  32.205341  101.522041    20.446  -166718.8   212450.5    26190.6   2967.8   3748.4   4434.8 2001  5 20 11 52 47.400 2.8   1
     3556  31.463232  102.105019    12.429  -113110.6   129679.3    14757.6   2052.4   1867.5   2958.6 2001  5 22 23 41 35.100 2.2   1
     3558  28.122202  103.602234     0.512    29637.1  -242042.9     5181.1   5357.8   3504.8   5741.4 2001  5 23  2 28 37.200 3.3   1
     3564  29.272213  103.059303    18.420   -23279.0  -113923.3    19484.0   1930.7   3321.4   4510.9 2001  5 23 11  1 11.800 2.0   1
     3591  31.014946  103.290298    15.711     -922.3    79299.9    16205.8   1699.3   1663.4   2903.0 2001  5 24  4 47 28.800 1.4   1
     3669  29.453459  102.913040    18.498   -37357.7   -93790.5    19300.4   2239.9   2237.3   6748.0 2001  5 27  0 35  0.100 2.8   1
     3705  30.680828  102.881149     1.300   -40045.6    42410.6     1566.9   2350.9   2612.1   2754.6 2001  5 28  8  0 35.800 2.8   1
     3742  29.424721  101.081490     6.408  -214595.2   -95128.7    10737.7   1836.8   1461.8   3848.7 2001  5 29 21 25 58.700 2.4   1
     3751  29.416225  101.112427     4.417  -211688.1   -96160.2     8664.2   1368.1   1500.3   3758.7 2001  5 30  2 26 18.300 2.8   1
     3783  31.813808  103.295174     3.280     -456.4   168221.5     5502.0   1598.0   1941.6   3212.9 2001  5 31  3 51 33.500 1.8   1
     3791  29.421263  101.101166     1.888  -212851.2   -95617.7     6163.5   1391.5   1177.1   1343.9 2001  5 31 11 22 41.000 3.0   1
     3869  29.469175  101.054649    -2.020  -217382.1   -90260.2     2328.4   1608.1   1888.2   3260.6 2001  6  3  0 44 53.300 3.1   1
     3915  29.794378  102.413132     5.177   -85506.5   -55842.3     5996.4   2411.4   1875.2   1861.6 2001  6  4 15 27 31.100 2.1   1
     3918  31.124445  103.968185    12.052    63481.0    91684.1    13030.2   2860.0   3284.5   3901.9 2001  6  4 17 57 30.000 2.0   1
     3931  29.798641  102.386162     3.425   -88127.3   -55363.3     4275.9   2486.7   2017.9   2660.0 2001  6  5  2 34 25.400 2.1   1
     3967  30.431358  102.492943     7.002   -77289.4    14864.7     7488.4   1592.4   1729.7   2889.7 2001  6  6 11 52  8.900 2.2   1
     3992  29.424496  101.099846    -0.301  -213045.0   -95288.4     3974.9   1651.0   1469.4   1734.7 2001  6  7  6 59 23.200 3.0   1
     4050  29.042282  102.467140     9.327   -80843.7  -139339.3    11367.4   1860.2   2942.3   4864.3 2001  6  9  6  9 21.100 2.2   1
     4065  29.417639  101.115974    -1.539  -211539.8   -96099.5     2698.2   1514.1   1102.2   1325.7 2001  6 10  0 10 19.900 3.1   1
     4100  31.509968  102.437050    10.596   -81668.2   134618.5    12544.7   1429.0   1364.6   2590.1 2001  6 11 10 55  8.500 2.4   1
     4128  31.219965  103.334328    14.730     3256.8   102054.9    15550.1   2163.2   1373.0   6259.8 2001  6 13  6 34 37.100 2.0   1
     4172  30.735622  101.687500     3.187  -154018.2    49507.5     5242.5   3350.7   2636.8   3848.2 2001  6 14 16 52 50.500 2.3   1
     4177  30.728041  101.684639    10.424  -154128.4    48613.6    12477.1   2280.0   2329.8   3792.8 2001  6 14 22 48  5.800 1.8   1
     4211  30.627548  103.107269    15.940   -18394.3    36345.7    16070.9   1886.5   2591.8   3396.3 2001  6 16  7 41 57.300 1.8   1
     4260  31.385935  103.197006     8.625    -9763.2   120584.1     9775.8   1447.4   1588.2   5028.5 2001  6 18  5 49 11.900 1.9   1
     4290  30.139961  102.527969    12.311   -74094.0   -17509.2    12767.2   2159.1   2116.3   4478.1 2001  6 20  5 19 58.400 2.1   1
     4359  29.770998  102.374001    29.267   -88962.4   -58188.7    30158.2   3562.2   2489.2   3876.0 2001  6 23 10 16 13.200 1.7   1
     4411  29.403654  101.061882    -1.288  -216797.0   -97548.7     3147.8   1908.4   1415.2   2216.9 2001  6 25  1 10 45.300 2.7   1
     4417  31.420059  103.844757    13.142    51584.5   124403.4    14568.3   1732.4   1549.4   2058.8 2001  6 25  6 31 37.100 2.5   1
     4649  32.277027  103.746651    -2.280    42005.9   219952.4     1655.3   3411.1   3776.3   3359.6 2001  7  5 13 15 47.900 2.8   1
     4668  28.738169  102.653557    21.933   -62808.7  -172869.7    24598.1   2738.7   4639.5   6712.3 2001  7  6 21 27 11.500 2.1   1
     4684  29.437283  101.088432    -0.143  -214117.3   -93843.1     4147.4   1490.9   1173.3   2150.0 2001  7  7 15 48 47.700 3.0   1
     4689  29.438976  101.071365     3.430  -215644.5   -93570.1     7770.1   1470.7   1057.4   2090.4 2001  7  7 17 28 57.400 2.8   1
     4738  29.826157  101.266121     6.865  -195947.5   -50876.9    10086.0   4589.9   2585.1   5858.5 2001  7  9  1 56 10.300 2.7   1
     4799  30.514906  103.249298     2.876    -4854.5    23886.2     2922.7   1791.3   2093.6   2857.6 2001  7 12  1  8 15.800 2.4   1
     4821  30.003265  102.345657    15.878   -91664.7   -32527.9    16621.9   1868.4   1597.6   2861.4 2001  7 12 21 54 38.800 3.2   1
     4827  31.786533  104.041100    14.786    69881.9   165120.4    17315.5   2293.3   2601.8   2645.8 2001  7 12 23 49 25.500 1.9   1
     4847  30.092970  102.997513     0.681   -29098.1   -22979.6      788.9   1436.6   1294.7   1687.5 2001  7 13 18  7 47.900 2.5   1
     4877  30.431908  101.563866    -3.669  -166524.0    15948.8    -1473.7   2091.3   2005.1   1829.2 2001  7 14 18 34 30.600 2.2   1
     4889  31.655588  102.747742     6.075   -52221.5   150703.3     8073.7   1370.5   1886.2   3430.8 2001  7 15 11  5 25.300 1.8   1
     4914  31.584724  104.102890     9.455    75936.9   142899.0    11513.8   1911.1   2920.9   2742.3 2001  7 16  2  4 47.800 2.1   1
     4934  31.088022  103.143356    12.487   -14886.9    87459.6    13105.7   1347.3   1535.4   4780.9 2001  7 16 18  5 15.900 2.1   1
     4978  31.449074  103.983582     3.467    64808.1   127887.7     5081.1   2020.5   1515.2   2702.4 2001  7 18 20 11  7.200 3.1   1
     4991  29.433157  101.087708     8.228  -213914.8   -94176.7    12522.3   1706.0   2118.8   3990.0 2001  7 19 10 49 23.900 2.7   1
     5025  31.679781  103.165024    18.185   -12736.1   152978.9    20039.9   1480.7   2297.7   2456.3 2001  7 20  9 47 22.500 1.9   1
     5157  29.771549  102.290077    13.832   -97259.9   -58200.2    14842.8   2901.0   2433.4   4181.9 2001  7 25 15 29 31.000 1.8   1
     5191  29.431437  101.083916     1.041  -214526.7   -94467.3     5355.3   1427.9   1156.2   1335.6 2001  7 26 18 21 33.900 3.2   1
     5208  28.856512  103.627472     6.327    31860.2  -160286.5     8425.3   3356.1   1714.7   7249.7 2001  7 27  3 27 19.000 3.4   1
     5245  29.429564  101.108246    -0.296  -212221.5   -94740.6     3943.8   1837.3   1681.1   1576.1 2001  7 29  1 28 50.700 2.5   1
     5255  32.002460  103.378212     7.933     7366.1   189043.4    10746.5   2611.4   2825.8   5402.0 2001  7 29  8 24  3.100 2.5   1
     5257  31.246309  103.340302    18.716     3820.5   104911.2    19583.5   2008.0   1411.6   3505.7 2001  7 29  9 22 10.900 3.1   1
     5291  29.143293  103.586105    -0.934    27789.5  -128595.0      424.8   1587.4   1858.7   3157.2 2001  7 31  3 47 25.300 2.6   1
     5299  29.984852  103.093285     6.696   -19888.4   -34987.7     6823.4   1966.3   1356.7   1851.1 2001  7 31 11 18  9.900 2.2   1
     5328  31.181009  103.689598     0.371    37060.5    98017.5     1233.1   2261.6   1916.6   2120.4 2001  8  2 14 48  8.200 1.8   1
     5332  31.534369  102.998947     1.006   -28527.3   137260.9     2548.9   1183.6   1837.2   3322.9 2001  8  2 16 47 25.300 1.9   1
     5388  29.450874  101.103172     6.136  -212453.1   -92269.1    10352.2   1824.8   1876.5   3419.7 2001  8  5 13 59 22.700 3.0   1
     5394  30.621529  102.869904     2.318   -41140.2    35816.8     2552.0   1573.3   2245.7   2568.1 2001  8  5 20 34 43.200 1.8   1
     5407  31.607374  103.083687     0.194   -20484.0   145375.4     1886.3   1271.8   1811.8   2853.0 2001  8  6  2 34 55.000 2.5   1
     5420  29.974258  101.690460    12.519  -154710.0   -35053.2    14497.7   3382.2   2334.5   7092.3 2001  8  7  6 37  3.200 2.4   1
     5461  30.358337  103.287964    -0.536    -1154.5     6487.0     -532.2   3452.1   2180.4   2431.0 2001  8  9 15 50 18.500 2.6   1
     5614  30.453167  101.676964     2.433  -155495.8    18136.2     4357.0   4535.0   2563.8   3152.1 2001  8 14  2 48 42.900 2.3   1
     5655  31.612335  103.087097     7.012   -20138.8   145770.1     8713.3   1420.7   1788.2   5982.2 2001  8 15 14 57  3.800 1.8   1
     5748  31.245493  103.324600     9.108     2335.3   104978.9     9974.7   1653.0   1190.2   4066.9 2001  8 19 10 47  5.400 2.3   1
     5749  31.252094  103.323097    11.998     2191.6   105663.7    12876.5   2543.7   1742.3   5450.1 2001  8 19 11  5 20.900 1.7   1
     5754  31.624872  103.087448     5.187   -20109.1   147204.5     6921.2   1069.2   1586.8   3508.5 2001  8 19 22 42 59.300 1.7   1
     5755  32.017048  102.917961     6.540   -35981.6   190762.8     9500.8   2016.6   3142.4   4030.4 2001  8 19 23 27 41.500 2.7   1
     5890  31.540300  102.384933    -0.111   -86717.3   138256.0     1979.1   1832.0   1728.0   2241.3 2001  8 25  3 13 21.400 2.3   1
     5900  29.448767  101.125648     8.320  -210212.5   -92513.3    12466.9   1522.1   1551.1   3401.4 2001  8 25 10  7  5.300 2.5   1
     6000  30.509407  101.577263     0.092  -165009.8    24536.3     2276.9   2546.5   1888.2   2117.5 2001  8 30 16 39  8.100 2.6   1
     6021  29.911144  102.780266     8.618   -50025.3   -43065.6     8960.0   2153.7   2126.7   3622.7 2001  8 31 23 17 29.900 3.6   1
     6022  30.465530  101.598167     0.576  -163069.3    19626.0     2693.9   1786.3   1761.5   2336.1 2001  9  1  0 33 19.500 2.2   1
     6026  29.898859  102.793976     7.804   -48718.1   -44441.3     8145.3   2323.9   2323.8   3520.0 2001  9  1  3 56 18.900 2.2   1
     6037  31.727264  103.865051    11.418    53344.5   158536.2    13618.6   1928.5   2349.6   2397.6 2001  9  2  1  5 41.100 2.1   1
     6038  31.488340  104.379776    -2.379   102417.5   132664.0     -175.3   2844.2   3136.4   4164.2 2001  9  2  2 30 42.500 2.4   1
     6074  30.455240  101.592934    12.403  -163284.8    18455.4    14526.9   2783.5   2582.3   4288.0 2001  9  2 21 33 52.100 2.4   1
     6087  31.205561  103.484306    -0.224    17529.1   100706.8      595.7   1647.1   1323.3   1930.7 2001  9  3  7 33 11.500 2.0   1
     6120  30.448349  101.598976    -1.796  -163081.4    17721.4      316.1   2164.6   1880.6   1965.8 2001  9  5 10 58  3.000 3.5   1
     6154  30.449007  101.574257     3.059  -165323.3    17817.0     5229.9   3990.5   3205.1   5048.4 2001  9  7  0 53 40.000 2.6   1
     6192  30.388527  101.600945     6.626  -162777.3    11051.2     8717.3   2487.1   2027.4   3692.6 2001  9  8  3 38 44.000 2.0   1
     6193  30.455797  101.590508     8.173  -163624.2    18533.2    10304.5   2304.5   1986.3   3986.2 2001  9  8  4 32 55.300 2.1   1
     6195  30.405674  101.583359    -2.091  -164657.9    12998.8       49.6   2169.5   1878.7   1694.0 2001  9  8  5 14 27.200 2.1   1
     6200  30.459276  101.570084    12.573  -165457.7    18935.8    14754.6   2301.8   2104.8   4167.3 2001  9  8  9 45  9.900 2.8   1
     6214  30.441914  101.578224    11.515  -164736.6    17000.2    13672.2   2020.1   2005.1   3690.8 2001  9  9  3 43 48.900 2.3   1
     6218  30.463453  101.547775     6.934  -167732.4    19449.1     9174.5   2451.0   2118.2   4241.4 2001  9  9  7 46 20.000 3.3   1
     6261  30.609035  103.097610     8.829   -19342.0    34332.3     8950.6   1743.0   2068.7   3074.8 2001  9 10 16 40 46.200 2.2   1
     6307  31.662916  103.092514    12.813   -19598.0   151247.9    14641.9   1215.7   1911.0   3985.4 2001  9 12 14 10 56.100 1.6   1
     6312  29.400942  101.085640    15.309  -213944.6   -97640.5    19661.5   1769.9   1831.8   2439.0 2001  9 12 16 38 27.100 3.2   1
     6466  28.718037  102.197990     5.949  -107358.3  -175198.7     9266.8   2530.7   2977.6   4881.2 2001  9 17 20 56  5.900 2.3   1
     6502  28.740501  102.186607    11.607  -108347.5  -172539.9    14871.9   2080.9   2542.9   4435.9 2001  9 18 18  1 29.200 2.4   1
     6526  31.616707  102.397285     8.668   -85358.5   146537.9    10928.9   2058.1   2310.6   4619.6 2001  9 18 22  0 39.700 2.0   1
     6540  29.530142  102.016968     3.231  -124060.0   -84857.6     5004.9   2681.4   2421.7   3808.6 2001  9 19  3  4 51.100 1.9   1
     6667  31.702169  102.773689     7.378   -49732.5   155833.0     9481.1   1743.0   2468.5   6404.7 2001  9 21  2 18 35.600 3.0   1
     6696  28.791262  102.188583     5.934  -108198.8  -167059.0     9046.9   2231.4   2616.4   4867.5 2001  9 21 14 25 19.500 2.5   1
     6713  30.575430  102.866188     0.488   -41527.2    30703.2      697.6   1751.1   2050.2   2027.2 2001  9 21 18 29 59.800 1.9   1
     6765  31.966280  101.965828     2.725  -125791.7   185915.2     6682.4   2139.9   3607.4   4621.3 2001  9 23  6 34 47.500 3.9   1
     6801  30.942621  103.370247    14.047     6684.7    71298.9    14450.3   1844.1   1816.4   2235.5 2001  9 24  8 18  0.500 3.2   1
     6841  31.473631  104.391556     1.586   103486.2   130957.1     3773.6   2392.6   2739.7   3532.3 2001  9 25  8 11  2.600 2.4   1
     6877  29.909498  102.765907     5.382   -51434.2   -43264.1     5737.0   1974.6   1630.4   2685.4 2001  9 26  6 48 14.100 2.6   1
     6929  29.320910  103.024231     3.283   -26722.0  -108776.1     4268.3   2235.8   2902.7   2627.9 2001  9 27 19 56 10.400 1.7   1
     6938  28.332235  104.721016    -1.344   139096.7  -217938.2     3902.6   4385.0   3861.0   3640.9 2001  9 28  6 31 34.400 4.3   1
     6963  29.912384  101.988319     4.293  -126326.9   -42342.2     5687.3   3088.4   1937.2   3295.2 2001  9 28 22 37 47.000 2.1   1
     6964  29.925385  102.002892    22.141  -124556.7   -40798.8    23493.7   2869.6   2026.6   4296.8 2001  9 28 22 58 35.600 2.2   1
     6979  29.918398  101.982094    11.822  -126768.2   -41617.6    13222.0   2940.5   2162.9   4485.9 2001  9 29  8 33 36.800 2.2   1
     7013  29.925781  102.035866    23.198  -121370.5   -40784.0    24489.0   3345.6   2482.3   4224.2 2001  9 30  1 37 54.000 2.1   1
     7150  31.708536  102.775055     6.528   -49606.9   156560.2     8646.8   1301.0   2029.7   3338.1 2001 10  5 11 59  6.700 1.7   1
     7158  29.473598  102.028404    10.089  -122891.1   -91055.2    11928.1   2834.1   2725.8   4085.4 2001 10  5 18 30 29.500 2.6   1
     7194  29.430357  101.964340    -3.558  -129412.9   -95989.1    -1520.9   2288.1   2886.7   2586.7 2001 10  9  0 51 37.100 2.5   1
     7195  29.438622  101.127991    -2.056  -210349.6   -93796.5     2106.7   1646.3   1110.8   1867.1 2001 10  9  1 32 21.000 3.0   1
     7259  30.184946  102.570335    10.237   -70018.4   -12548.1    10634.3   2027.5   1719.6   3048.9 2001 10 12 21  5 18.600 2.8   1
     7278  30.148260  101.992676    14.842  -125399.9   -16111.8    16099.3   3141.7   2224.9   4825.7 2001 10 13 18 34 32.300 2.4   1
     7298  30.196758  102.568268     7.617   -70237.4   -11239.9     8014.1   1590.6   1760.9   3133.2 2001 10 14 15 41 23.200 2.9   1
     7299  30.172047  102.567894    10.294   -70261.6   -13978.3    10697.1   2806.9   1941.3   4557.8 2001 10 14 15 42 35.500 2.3   1
     7335  30.149988  102.931618     6.988   -35380.8   -16604.8     7108.0   2398.3   1127.1   2665.5 2001 10 15 19 45 11.900 2.5   1
     7355  28.996864  101.986977    20.940  -127268.4  -143677.5    23841.6   2299.0   3156.6   3943.8 2001 10 16 17  6 24.100 2.2   1
     7392  31.975695  102.956619     5.089   -32362.8   186201.8     7895.2   2221.9   3142.0   3650.3 2001 10 18 15 57 32.100 2.0   1
     7400  31.683680  101.736412    -0.663  -147947.3   154877.7     2938.0   2453.4   2754.2   2879.8 2001 10 18 20 19 57.000 2.8   1
     7448  29.364025  103.159042     4.283   -13651.2  -103992.4     5146.7   1910.6   3061.1   2974.7 2001 10 20  7  3 47.900 2.1   1
     7453  28.766565  102.228027    16.544  -104209.6  -169555.3    19661.3   3168.5   3630.7   4302.4 2001 10 20  7 37 11.300 2.4   1
     7543  30.745892  100.543816     3.598  -263146.7    52746.3     9256.3   2993.6   4245.7   4104.1 2001 10 22 23  6 53.900 2.7   1
     7551  29.549202  103.113762     7.599   -17993.5   -83368.1     8170.3   1470.5   2186.6   4982.7 2001 10 23 10 33 54.800 1.9   1
     7564  29.543440  103.187408     9.436   -10875.6   -83993.3     9999.7   1606.6   2329.2   4763.4 2001 10 23 18 31 58.500 2.0   1
     7576  29.433590  100.990074     0.145  -223633.5   -94060.0     4765.8   1411.1   1422.0   2365.8 2001 10 24  9 19 51.100 2.6   1
     7631  29.656694  103.229958    18.139    -6749.3   -71325.1    18543.2   1865.9   1756.7   3581.0 2001 10 26  3 29 39.800 2.9   1
     7735  31.765171  101.237587    17.051  -194415.2   164231.2    22149.4   3425.8   3198.4   6400.0 2001 10 28 10 14 20.400 2.7   1
     7761  29.683008  103.243637     7.112    -5439.1   -68526.9     7482.9   1767.1   1678.3   2819.5 2001 10 28 21 48 23.200 3.1   1
     7835  31.458609  103.999069    -0.616    66312.3   129038.8     1035.7   1718.5   1454.5   2349.2 2001 10 31  2 59 20.400 1.9   1
     7878  29.252996  102.945518     2.577   -34375.7  -116314.2     3731.7   1943.4   3240.3   2505.5 2001 12  1 16  6 57.900 1.8   1
     7886  30.457737  102.338974     5.389   -92032.2    17913.6     6079.7   2033.1   3341.9   2686.9 2001 12  2  0  9 47.200 1.6   1
     7901  29.653530  102.060799    17.982  -119399.1   -71028.5    19501.5   2692.9   1723.7   5477.0 2001 12  2 15  0 16.000 2.3   1
     8016  29.641426  102.057037     3.836  -120042.5   -72527.6     5381.1   3117.0   2124.9   4372.1 2001 12  5  0 49 18.000 1.8   1
     8029  31.374798  103.372314    14.152     6849.8   119241.5    15274.4   4235.1   4707.3   7474.2 2001 12  5  8 27 28.600 1.3   1
     8059  29.070829  104.781525     8.583   143774.2  -135545.0    11652.1   3135.4   5584.6   3431.9 2001 12  6  3  4 37.100 3.8   1
     8135  29.353777  104.149124    12.480    82131.6  -104697.4    13872.1   2777.5   3218.6   4131.1 2001 12  8  9  0 15.400 3.3   1
     8159  30.245115  102.006851    -1.665  -124239.7    -5397.4     -451.2   2660.9   2204.4   2229.5 2001 12  8 22 10 13.600 2.1   1
     8188  29.547470  101.986069     4.003  -127010.2   -82887.9     5810.1   3026.8   3328.7   3714.9 2001 12 10  2 31  6.400 2.7   1
     8196  30.221088  101.992828     1.109  -125563.5    -8050.5     2351.7   3061.4   3050.9   3883.1 2001 12 10  7 50 36.200 1.9   1
     8280  28.197618  103.842110    -3.367    53153.7  -233718.3     1140.5   3750.7   2754.8   3832.7 2001 12 12  7 10 28.000 3.3   1
     8419  30.051767  103.157135     7.861   -13733.3   -27559.3     7935.9   2232.6   1487.8   2128.8 2001 12 14 23 49 49.200 2.0   1
     8481  31.757183  101.921082     4.264  -130273.7   162696.2     7676.9   2204.8   2502.9   3285.2 2001 12 16  2 48 19.100 2.3   1
     8493  31.760988  101.914925     9.934  -130732.8   162980.3    13366.4   2213.3   2423.2   3137.3 2001 12 16  8 35 37.100 2.4   1
     8607  31.243498  103.251900     3.263    -4570.1   104854.4     4128.3   1308.3   1285.0   1939.5 2001 12 20  4 42 27.400 1.8   1
     8631  31.530483  102.379196     4.015   -87213.2   137080.0     6088.2   2186.5   1888.5   4466.9 2001 12 21  4 52 30.900 1.9   1
     8676  31.715109  103.201233    15.506    -9319.5   156957.8    17451.6   1202.1   2062.6   3688.1 2001 12 22 11 32  5.400 1.4   1
     8731  29.778885  102.334404    -3.352   -93235.9   -57578.9    -2410.3   2372.3   1632.9   2080.9 2001 12 23 17  1 11.500 1.7   1
     8746  29.478365  102.092522     1.723  -116843.8   -90712.7     3440.7   3341.9   3156.4   4646.2 2001 12 24  1 33 18.400 2.2   1
     8783  31.237932  103.314476     3.341     1375.4   104233.6     4194.4   1346.0   1318.4   2733.9 2001 12 25  5 15 20.800 2.5   1
     8788  29.478899  100.982552     1.803  -224202.7   -88985.3     6372.6   1232.1   1225.5   2076.3 2001 12 25  7 48 41.200 2.5   1
     8849  30.229662  103.454773    13.024    14838.8    -7795.3    13045.7   3940.4   2320.8   5381.5 2001 12 27  4 47 37.600 2.0   1
     8861  30.511213  103.062531    12.428   -22704.9    23463.5    12511.9   1660.3   1922.1   3925.3 2001 12 27 17 19 52.800 3.3   1
     8863  30.514971  103.056396    13.848   -23285.3    23876.1    13935.0   1722.7   1895.5   3284.5 2001 12 27 18  1 39.300 3.0   1
