   620126  30.368227  103.110016    35.445   -18124.8     7559.2    35475.6   1906.8    474.7   2259.3 2001 12 27  9 19 52.800 0.0   1
   620149  30.089033  103.545914     1.422    23654.5   -23427.8     1508.8   5740.7   2745.6   3385.2 2002  7  3 23 48 54.500 0.0   1
   620163  30.186476  102.085762     6.088  -116587.4   -11988.1     7167.1   2053.2   2293.5   2754.6 2002  9 13  5 36 42.700 0.0   1
   620164  30.178713  102.105042     3.917  -114784.6   -12874.5     4964.4   2056.5   2282.8   2445.1 2002  9 16 19 55 52.600 0.0   1
   620175  31.077169  103.485847     8.577    17675.6    86312.5     9187.0   2108.5   1718.9   3162.3 2002 11 16 16 17 59.200 0.0   1
   620190  29.212507  102.197151    10.796  -106846.1  -120192.9    12829.1   1578.3   2169.9   3885.7 2003  2 10 14 25 47.000 0.0   1
   620199  29.298704  104.013016    -2.592    69168.0  -111161.6    -1247.1   1348.3   1272.4   2358.7 2003  3 18  6 48 35.800 0.0   1
   620203  31.277632  103.602730    15.130    28700.7   108482.4    16120.4   2207.0   2100.8   3082.1 2003  5  5 18 59 58.200 0.0   1
   620209  29.074062  102.225792    -3.536  -104447.6  -135889.4    -1231.3   2573.4   2309.0   3250.7 2003  6  2  3 30  7.700 0.0   1
   620249  31.039869  103.365150     0.022     6206.9    82268.5      556.2   2613.9   1942.5   1441.2 2003  9 15  9 18 59.300 0.0   1
   620252  29.174999  102.238472     7.774  -102930.2  -124452.7     9823.8   1553.1   2040.0   4042.9 2003  9 16 17  9 40.700 0.0   1
   620256  28.970129  102.207306     1.810  -106262.0  -147308.4     4400.9   1906.6   2093.1   2892.6 2003 10  9  9 41 24.000 0.0   1
   620279  29.128681  101.148727    -1.104  -208943.8  -128279.1     3614.9   2132.4   2474.0   2072.1 2003 11 19 12 40 33.100 0.0   1
   620286  29.343746  100.924812     2.431  -230068.4  -103878.7     7435.7   2332.8   2202.7   2447.2 2003 11 27 14 14 53.200 0.0   1
   620320  28.015434  103.390800     6.198     8905.0  -253714.2    11263.5   2587.4   2383.1   4068.7 2004  3  1 10 15 51.000 0.0   1
       12  29.460638  101.052475     4.190  -217399.5   -91116.8     8555.1   1040.2   1072.2   1592.4 2001  1  2  0  2 43.600 3.0   1
      115  29.465378  101.045341     4.739  -218059.6   -90568.6     9118.8    987.9    891.9   1369.8 2001  1  6  7 20 10.500 3.0   1
      133  31.702311  104.278099     5.508    92446.8   156177.2     8095.8   1825.8   1761.3   2528.9 2001  1  7  5 49  4.400 2.8   1
      137  29.113808  103.690048    10.138    37831.1  -131614.1    11612.2   1568.7    748.0   1376.3 2001  1  7  7 49 58.600 2.9   1
      138  29.117844  103.696976    11.431    38493.9  -131137.4    12899.5   1541.3    677.1   1290.2 2001  1  7  7 53 11.100 2.3   1
      153  31.473173  104.093719     8.723    75168.1   130525.7    10506.2   1327.8   1446.4   1788.6 2001  1  8  2  2 37.400 2.1   1
      191  29.474052  100.968842    14.744  -225080.8   -89315.1    19357.9   2251.2   1202.4   1595.8 2001  1  9 13  5  2.200 3.4   1
      293  29.959951  103.143631    -0.094   -15064.5   -37801.7       36.2   1264.7    856.3   1059.9 2001  1 12 15 53 18.400 2.4   1
      322  31.434753  102.484917    19.269   -77095.3   126065.3    20988.1    914.4    886.0   1569.3 2001  1 13 20 39 56.500 2.8   1
      354  31.124506  103.767319     7.932    44426.6    91654.6     8747.2   1373.0   1081.5   2175.3 2001  1 14 17 41 38.100 2.4   1
      356  31.161503  103.771454    -0.442    44861.6    95890.5      437.4   1016.7   1338.9   1451.6 2001  1 14 18 20 23.100 2.0   1
      370  30.288364  103.094742     2.561   -19700.3    -1275.4     2591.7   1223.7    646.9   1282.9 2001  1 15  5 21 35.300 2.9   1
      374  31.745907  103.802544     6.547    47470.5   160699.9     8752.9   1537.1   1721.7   2554.6 2001  1 15  8 54  9.100 1.8   1
      381  31.161690  103.773956    -1.300    45105.4    95925.2     -418.6   2522.3   1476.2   2268.6 2001  1 15 18 34 30.800 2.0   1
      401  31.555689  102.428810    11.517   -82395.3   139678.4    13585.2   1643.3   1175.2   2280.2 2001  1 17  5 21 39.100 1.9   1
      405  29.474649  100.932808     9.544  -228743.6   -89249.9    14284.5   1414.4   1040.0   2077.3 2001  1 17  9  7 19.400 2.6   1
      443  29.456322  101.024582     1.322  -220203.9   -91583.8     5787.8   1004.5    866.5   1287.4 2001  1 18 18 32 40.400 2.6   1
      500  31.136011  103.828812    13.970    50219.4    92869.9    14847.1   1153.8   1005.9   1377.7 2001  1 21  8 16 31.600 2.8   1
      504  31.121664  103.816864    14.474    49088.1    91265.7    15318.9    972.2    906.9   1403.2 2001  1 21 13  8 44.500 2.9   1
      510  31.131327  103.765450    -2.743    44320.4    92566.4    -1917.1   1204.3   1299.2   1452.8 2001  1 21 14 25 45.400 2.1   1
      528  31.139725  103.795921    10.984    47115.9    93311.4    11843.3   1285.4    941.0   1994.1 2001  1 22  3  3 47.600 2.5   1
      584  29.459545  100.968956    13.170  -225157.4   -90946.7    17808.6   1556.0   1678.2   2374.7 2001  1 25  0 31 21.400 3.1   1
      586  29.455072  101.076042    -2.435  -215355.8   -91875.5     1867.5   1365.1   1476.8   1641.6 2001  1 25  1 35 47.500 2.8   1
      593  30.025108  103.028870     3.691   -26087.5   -30517.4     3817.7   1240.6    744.6   1193.0 2001  1 25  8 40 55.600 2.0   1
      595  30.935190  101.097580    -0.279  -210018.8    72668.0     3598.1   2081.1   1024.3   2320.4 2001  1 25  9 46 46.700 1.9   1
      607  28.927210  102.495163    22.934   -78043.2  -151806.6    25229.0   1612.4   1773.1   2117.5 2001  1 26  1 17 18.600 2.2   1
      665  30.944660  103.159332    18.863   -13375.8    71477.0    19278.9   1044.5   1086.3   1771.1 2001  1 29  4 14 37.300 3.0   1
      699  30.399544  101.992241     5.557  -125303.7    11780.3     6801.0   2940.8   2699.3   2853.4 2001  1 31 17 23  9.600 2.2   1
      732  29.508593  103.256096     5.971    -4244.6   -87914.4     6579.9    850.2   1045.0   1669.6 2001  2  2 14 42 34.500 2.6   1
      753  30.021673  103.121613     3.734   -17164.3   -30916.6     3831.9   1243.7    916.9   1520.6 2001  2  4  4 42  4.400 2.0   1
      821  30.629953  103.048271     1.784   -24078.2    36705.0     1935.6    962.4   1134.6   1776.0 2001  2  9 11 33 16.600 2.1   1
      822  30.414410  102.683708     0.344   -59094.1    12881.2      631.3   1176.1   1354.9   1407.0 2001  2  9 17 44 48.600 2.7   1
      854  29.639542  102.333466     6.595   -93309.7   -72965.1     7697.0   1825.3   1348.4   1885.4 2001  2 11  6 25 36.200 2.1   1
      895  29.459303  101.068977    12.546  -215522.7   -91176.6    16854.2    800.2    708.8   1351.5 2001  2 12 17 55  4.600 2.7   1
      899  29.448503  101.044289    11.688  -217959.4   -92340.1    16094.6    751.6    881.2   1415.8 2001  2 12 20 44 50.100 3.3   1
      911  29.454453  101.073425    12.429  -215107.9   -91724.8    16730.6    994.5   1239.6   2083.1 2001  2 13  1  0  9.400 2.8   1
      924  29.439508  101.025818    16.309  -219602.9   -93234.9    20788.7    853.8    913.4   1080.9 2001  2 13 15 32 21.900 2.4   1
      945  29.449566  101.036469    -0.267  -219123.4   -92380.4     4172.3    896.4    703.5   1241.7 2001  2 14 13  0 32.600 3.1   1
      946  29.476606  101.045891     0.866  -218115.1   -89376.8     5228.8    802.4   1028.7   1689.8 2001  2 14 15 27 28.200 0.0   1
      951  29.472635  101.034393    -0.382  -219278.9   -89813.5     4026.3    840.6    830.6   1122.1 2001  2 14 15 39 59.900 3.0   1
      960  29.467342  101.018288     2.642  -220743.6   -90327.8     7110.1    639.0    774.3   1155.4 2001  2 14 16 24 47.900 3.3   1
      970  29.475040  101.018448    11.901  -220389.9   -89342.7    16349.1    924.5    820.3   1268.6 2001  2 14 17 50 30.900 2.9   1
      976  29.463524  101.058411     1.771  -216902.0   -90842.0     6113.1    752.6    729.6   1096.4 2001  2 14 18 34 57.000 2.6   1
     1010  29.462288  101.025009     5.088  -220020.2   -90867.8     9539.9   1015.9    741.7   1370.4 2001  2 15  9 15 58.700 2.7   1
     1034  29.462086  101.029572     9.614  -219422.9   -90834.4    14048.5    892.7    953.3   2003.2 2001  2 16  6 37 57.100 2.7   1
     1035  29.470963  101.037415     0.484  -218959.9   -89993.2     4883.8    654.6    820.6   1260.6 2001  2 16  7  3 16.800 2.7   1
     1095  31.205591  103.437607     5.571    13075.7   100612.6     6379.7   1121.9    978.2   1735.8 2001  2 17 17 43 43.500 2.2   1
     1153  29.463890  101.042389     5.994  -218305.2   -90710.5    10385.4   1103.5   1013.0   1853.1 2001  2 19 13 16 49.100 2.6   1
     1155  29.466825  101.066383     3.079  -216078.5   -90471.7     7389.2    951.1    684.7   1344.6 2001  2 19 13 37 16.200 2.5   1
     1171  29.471228  101.039879     1.482  -218687.0   -89954.3     5872.9    707.6    955.8   1707.3 2001  2 20  8 21 28.400 2.8   1
     1240  29.718191  102.630608     9.704   -64543.4   -64404.6    10357.3   1592.2   1417.1   1827.2 2001  2 22 19  5 56.500 1.8   1
     1243  31.716749  102.385063     6.948   -86444.7   157695.4     9489.6    888.2    887.5   2401.3 2001  2 23  1 55 52.000 2.0   1
     1247  29.446676  100.988678    -2.358  -223827.5   -92639.0     2247.1    645.7    732.6   1316.3 2001  2 23  9 34 43.000 3.0   1
     1248  29.453691  101.023575    13.762  -219877.2   -91694.4    18227.6   1155.6    895.7   1546.7 2001  2 23  9 39 38.000 2.7   1
     1250  29.450041  101.001503    12.702  -222052.8   -92071.8    17248.1   1374.3   1127.8   2100.1 2001  2 23 10 11 51.000 4.2   1
     1252  29.473572  101.035164    -2.356  -219270.0   -89738.9     2049.1   1464.5   1063.8   1416.4 2001  2 23 10 19 35.900 2.6   1
     1264  31.620819  103.865959     7.498    53524.2   146815.4     9417.5   1164.2   1218.8   2557.1 2001  2 23 18 15 11.400 1.9   1
     1277  31.594799  102.971123    10.670   -31096.9   143766.5    12371.5    890.5   1238.7   2871.8 2001  2 24  0  8 36.000 2.0   1
     1279  29.462929  101.019981    -3.017  -220785.1   -90902.2     1456.2   1319.8   1369.8   1302.8 2001  2 24  0 55 18.300 2.9   1
     1281  29.466225  101.014702    -0.213  -221191.9   -90485.6     4270.7    826.5    850.2   1113.3 2001  2 24  2 22 20.000 2.7   1
     1285  29.465744  101.040741     2.418  -218582.7   -90552.1     6813.9    800.4    603.2   1280.0 2001  2 25  2  5  9.100 2.6   1
     1287  29.481733  100.985268     2.827  -223897.2   -88661.6     7382.1   1105.3    671.8   1258.9 2001  2 25  6 28  9.300 2.0   1
     1298  29.477877  101.080353     3.833  -214679.4   -89259.5     8079.4    902.8    939.0   1599.4 2001  2 25 14 57 26.900 3.0   1
     1300  29.456148  101.041725     1.297  -218546.7   -91636.5     5706.8   1007.6    882.6   1872.7 2001  2 25 16 47  4.200 2.7   1
     1311  29.480114  101.032959     1.746  -219328.1   -88949.5     6144.6   1131.4   1032.8   1776.9 2001  2 26  6  4 43.400 3.0   1
     1321  29.438375  101.010483    -3.978  -221791.8   -93628.6      569.7    677.4    744.5   1027.5 2001  2 26 12 18  1.600 2.8   1
     1331  29.464527  101.041290     2.089  -218543.7   -90692.8     6486.3   1188.8   1230.9   2157.5 2001  2 27  2 46 21.800 2.2   1
     1352  29.460663  100.982018    -1.846  -224422.8   -91063.3     2758.3    881.1    787.6   1476.7 2001  2 27 22 21 48.400 3.2   1
     1388  29.456266  101.058777     1.596  -216887.6   -91651.6     5949.4    928.8    789.6   1161.3 2001  3  1 13 19 54.500 3.5   1
     1424  29.463636  101.025902    -0.594  -220126.6   -90800.4     3857.3    661.4    902.7   1078.9 2001  3  3  0 16 59.600 2.9   1
     1439  30.387581  102.641655    27.113   -62878.1     9879.3    27432.0   1075.7   1057.6   2181.4 2001  3  3 15 48  7.200 2.7   1
     1442  30.980844  103.342850     4.852     4081.4    75647.5     5303.0    846.8   1006.5   1463.1 2001  3  3 17 38  4.500 2.1   1
     1446  29.002705  102.786346     5.679   -49907.9  -143999.0     7504.1   1428.0   2894.5   1977.1 2001  3  3 18 49 32.900 1.9   1
     1453  31.413877  101.174339    -1.687  -201725.3   125770.5     2748.1    840.0    607.0    429.3 2001  3  3 23 40 12.500 2.1   1
     1457  29.448713  100.977562     1.354  -224768.4   -92336.9     5990.9    955.7   1078.7   1496.4 2001  3  4  2  7  1.000 2.6   1
     1487  28.984901  101.838425    22.047  -141656.2  -144801.9    25279.8   1531.3   1604.3   1588.7 2001  3  4 21 10 45.300 2.7   1
     1496  29.453846  101.097656     0.090  -213182.8   -92016.2     4322.9   1287.8   1152.2   1824.7 2001  3  5 13 35  2.500 2.5   1
     1530  29.928738  103.039795    33.562   -24942.9   -41036.1    33744.1   1402.8    947.9   2528.5 2001  3  7  0  9 22.000 2.0   1
     1550  27.705185  102.784019     8.988   -50724.4  -287909.4    15708.4   2161.6   1673.1   2602.4 2001  3  7 19 51 23.600 4.2   1
     1585  31.564602  102.449837     1.001   -80532.1   140884.9     3068.5    958.2    827.0   1809.3 2001  3  8 19 33 41.300 2.1   1
     1603  31.975687  103.680550     1.820    35884.1   186307.9     4647.0   1612.9   1646.9   1696.1 2001  3  9 14  0 26.700 2.0   1
     1644  30.453461  103.341988     7.273     4020.1    17044.8     7297.6   1401.2   1067.7   1534.9 2001  3 11 16 37 23.400 2.3   1
     1651  29.444330  100.977631     0.042  -224817.1   -92842.7     4686.4   1045.1   1011.4   1184.6 2001  3 11 22 32  4.200 3.5   1
     1659  29.460897  101.035812     2.035  -219083.7   -91086.7     6455.5   1134.5   1085.5   1559.8 2001  3 12 10 16 46.900 3.0   1
     1684  30.507849  101.551987    11.614  -167130.3    24355.8    13856.7   2410.3    915.2   3244.4 2001  3 13 18 37  8.400 2.0   1
     1723  29.242079  104.299957     6.964    96908.8  -117073.7     8778.5   3077.3   3327.8   3652.8 2001  3 15  8 17 45.300 2.6   1
     1910  31.620241  102.383194    14.729   -86605.4   146801.1    17014.5   1300.1   1051.0   1544.4 2001  3 24  2 29 21.700 2.0   1
     1932  29.471106  101.007408     1.340  -221832.4   -89906.8     5838.8   1165.0   1219.7   2260.2 2001  3 25  0 23 17.500 2.8   1
     1997  29.260422  101.840622    -0.911  -141575.1  -114696.3     1694.2   1312.1   1331.9   1742.5 2001  3 26 12 47 28.600 2.9   1
     2059  29.210882  101.837708    18.217  -141500.7  -119839.7    20924.1   1353.8   1612.7   1164.9 2001  3 28  6 38 53.400 2.7   1
     2135  29.497009  100.913017     8.419  -230644.7   -86743.3    13193.0   1911.5   1457.4   2885.5 2001  3 30 10 28 13.200 2.7   1
     2138  29.497879  100.922409     9.684  -229690.0   -86648.6    14422.2   1271.4   1267.5   1923.1 2001  3 30 15 38 13.900 2.8   1
     2143  29.479712  100.914093     7.490  -230614.3   -88678.7    12288.1   2149.2   2134.1   3920.0 2001  3 30 19 26 28.200 3.0   1
     2165  29.553371  103.353165    14.828     5130.5   -82824.6    15369.8    914.5   1065.4   1129.5 2001  3 31 23 22 22.200 1.9   1
     2199  29.449280  100.943451     6.359  -227887.3   -92133.4    11107.0    900.4    945.8   1631.0 2001  4  2  1 50  2.000 2.6   1
     2238  29.427782  101.090691     8.237  -213638.1   -94778.9    12530.6   1055.1    763.6   1960.8 2001  4  3 21 35 25.900 2.7   1
     2244  31.627352  104.028343    14.579    68800.0   147464.0    16662.3   1231.9   1276.2   1716.5 2001  4  4  4 20 10.900 2.2   1
     2248  29.432266  101.039886    16.693  -218248.3   -94059.4    21138.7   1022.0    861.1   1237.5 2001  4  4  9 20 16.800 2.9   1
     2257  29.455156  100.955429    15.532  -226389.5   -91372.6    20222.6   1156.1   1235.8   1747.9 2001  4  4 18 55 26.900 3.4   1
     2286  29.466938  100.964821     7.152  -225754.2   -90203.5    11797.5   1420.0   1385.3   2522.1 2001  4  6 13  2  7.800 3.4   1
     2301  30.468275  101.592751     6.879  -163421.7    19919.6     9008.5   1696.1   1304.8   2393.4 2001  4  7  0 37 51.400 2.3   1
     2322  29.952230  103.225769     4.512    -7146.7   -38640.3     4633.1   1362.2    889.5   1073.7 2001  4  7 19 51 13.200 1.9   1
     2323  29.699678  102.583717    17.251   -68994.9   -66353.4    17972.5   1489.3   1369.1   2759.1 2001  4  7 20 34 24.800 2.0   1
     2329  29.494759  100.983162     9.370  -223842.6   -87120.8    13906.6    915.3    911.8   1585.3 2001  4  7 22 36 39.000 2.5   1
     2330  29.484577  101.012115    12.269  -220967.9   -88267.0    16722.3   1362.3   1383.3   2203.4 2001  4  7 23 46 29.000 2.7   1
     2336  29.459333  101.013977    21.288  -220530.1   -90942.3    25770.1   1086.8    991.5   1565.8 2001  4  8  2 22 17.100 2.8   1
     2338  29.465580  101.020798     3.392  -220478.0   -90517.9     7854.2   1032.0    863.7   1274.7 2001  4  8  5 21 41.400 2.5   1
     2339  32.237366  103.540665     4.799    22617.8   215245.6     8478.8   1956.5   2329.6   2987.9 2001  4  8  6 23  0.400 2.0   1
     2367  29.698244  102.043304    25.233  -120892.3   -65977.2    26728.2   1608.9   1188.8   2634.5 2001  4  9  1 56 51.300 1.9   1
     2381  29.457479  103.475014    14.985    16905.4   -93447.3    15694.3   1110.9    979.1    961.8 2001  4  9 14 35 11.900 2.1   1
     2403  30.917288  103.131165    17.512   -16061.8    68461.0    17901.0   1192.2   1134.6   1868.6 2001  4 10 19 29 52.800 2.8   1
     2434  31.384077  103.878937    11.819    54853.2   120452.8    13196.2   1159.2   1140.1   1939.6 2001  4 11 18 30 18.600 1.9   1
     2472  29.772627  102.309227     6.781   -95520.1   -58161.3     7763.3   1906.5   1423.2   1998.2 2001  4 13 17 41 13.500 2.0   1
     2491  30.057795  102.877075     1.990   -40689.9   -26847.8     2176.2   1337.7    710.4   1865.5 2001  4 14 11 29 43.400 2.1   1
     2518  31.882624  102.878174     3.470   -39806.1   175934.9     6025.9    940.0   1215.0   1932.2 2001  4 15 23  1 38.100 1.8   1
     2562  30.600491  102.421761    14.440   -83862.1    33661.2    15082.6   1712.2   1695.1   2667.6 2001  4 17 22 15 44.600 1.7   1
     2566  29.979374  101.664146     5.132  -157413.4   -34489.3     7171.8   1504.1   1442.5   2228.8 2001  4 18  8 36 37.300 2.5   1
     2593  31.620758  102.355652    15.941   -89189.3   146851.7    18264.4   1367.1   1321.3   1987.0 2001  4 19 12 55 47.600 3.8   1
     2601  30.704695  102.796738     2.959   -48092.1    45085.2     3300.3    795.8    632.5   1880.7 2001  4 19 18 50 12.000 1.7   1
     2632  31.632393  103.191658    15.071   -10232.9   147795.8    16798.0   1413.4   1654.9   2962.4 2001  4 21  2 38 56.800 2.0   1
     2704  29.452152  101.052841     0.829  -217496.9   -92108.9     5209.2    823.9    688.6   1368.3 2001  4 23 11 26  5.900 2.9   1
     2759  29.714977  102.941238     2.101   -34634.9   -64974.3     2526.9   1849.0   1448.0   2481.9 2001  4 25 11  1 18.900 2.2   1
     2817  31.259127  101.044693    14.617  -213825.6   108523.6    19141.3   4149.1   3168.9   3592.6 2001  4 27 14 39 56.900 3.9   1
     2838  30.785719  103.498596     0.943    18968.1    54017.3     1199.8   1790.8   1823.2   2057.7 2001  4 28 15 16  3.300 3.0   1
     2888  30.233818  102.928795     3.460   -35642.3    -7297.0     3563.9   1152.1    924.5   1181.3 2001  4 30  8 40 35.400 2.0   1
     2903  30.916977  103.422745    -0.155    11709.5    68611.1      225.2    959.2   1276.5   1299.6 2001  4 30 20 44 48.100 2.0   1
     3011  29.417622  101.110313    -0.571  -212055.1   -96076.6     3683.5   1177.1    973.4   1461.1 2001  5  5 10 35 29.100 2.7   1
     3020  29.425684  101.100853     4.907  -212771.6   -95080.6     9174.7   1847.0   1607.9   2537.8 2001  5  5 13 27  0.200 2.5   1
     3022  29.376701  101.129776    21.524  -209526.9  -100312.6    25775.4    981.5    926.0   1566.1 2001  5  5 13 30 24.200 3.1   1
     3044  29.472967  101.120255    -3.314  -211069.0   -89980.9      816.7   1179.2   1194.8   1403.5 2001  5  5 18 41  9.200 3.0   1
     3132  29.038904  102.428253    19.370   -84488.0  -139465.5    21463.8   1597.0   2519.8   1929.1 2001  5  8 15 45 47.600 2.3   1
     3152  29.457790  101.012299     3.219  -221323.3   -91369.6     7722.0    915.2    992.4   1157.8 2001  5  9  7 19 17.200 2.8   1
     3263  29.963203  103.194092     1.003   -10200.6   -37439.2     1121.1   1337.2    871.9   1131.5 2001  5 14  3 57 37.000 2.5   1
     3425  29.081984  102.379730    28.443   -89025.2  -134462.0    30493.7   1683.4   2563.2   2295.8 2001  5 19 17 57  9.600 2.0   1
     3431  29.480402  100.980217     6.299  -224266.5   -88751.2    10870.4    729.4    891.6   1416.2 2001  5 20  2 58  7.200 2.3   1
     3441  32.164642  101.520569    15.166  -167070.0   208117.4    20771.5   2229.8   2809.3   2787.0 2001  5 20 11 50 47.900 3.0   1
     3442  32.214973  101.515320    20.909  -167319.0   213511.5    26705.2   2346.6   2759.1   3332.9 2001  5 20 11 52 47.400 2.8   1
     3556  31.462233  102.088875    13.867  -114614.2   129555.2    16220.8   1470.6   1087.5   1983.8 2001  5 22 23 41 35.100 2.2   1
     3558  28.145378  103.596535    -3.473    29089.9  -239619.2     1098.4   3899.7   4232.8   4904.7 2001  5 23  2 28 37.200 3.3   1
     3564  29.274624  103.066040    21.414   -22616.2  -113604.1    22470.7    836.7   1676.1   1854.3 2001  5 23 11  1 11.800 2.0   1
     3591  31.022060  103.281639    16.398    -1745.0    80080.6    16902.7   1656.8   1422.8   2421.8 2001  5 24  4 47 28.800 1.4   1
     3669  29.469675  102.920273    22.521   -36630.3   -91937.1    23292.5    779.2   1520.6   2164.3 2001  5 27  0 35  0.100 2.8   1
     3705  30.667833  102.895836    -0.416   -38657.8    40972.2     -166.9   1258.9   1314.5   1718.9 2001  5 28  8  0 35.800 2.8   1
     3742  29.424784  101.085930     6.410  -214165.3   -95130.2    10726.1   1342.1   1411.9   2467.6 2001  5 29 21 25 58.700 2.4   1
     3751  29.420839  101.116684     1.128  -211375.5   -95705.0     5355.4    991.5    869.3   2149.5 2001  5 30  2 26 18.300 2.8   1
     3783  31.813301  103.296005     1.881     -377.3   168201.8     4102.4   1094.7   1299.2   2031.7 2001  5 31  3 51 33.500 1.8   1
     3791  29.423250  101.107117     0.698  -212310.2   -95425.6     4952.5   1016.0    691.9   1661.2 2001  5 31 11 22 41.000 3.0   1
     3915  29.796379  102.415596     3.690   -85287.7   -55635.0     4504.1   1394.8   1279.9   1841.6 2001  6  4 15 27 31.100 2.1   1
     3918  31.146343  103.944878    10.930    61263.7    94117.9    11921.2   1724.1   1299.1   2609.8 2001  6  4 17 57 30.000 2.0   1
     3931  29.792507  102.395714     1.371   -87240.0   -56070.4     2215.6   1835.6   1546.9   2067.2 2001  6  5  2 34 25.400 2.1   1
     3967  30.434610  102.499565     5.705   -76669.0    15224.3     6184.9   1751.4   1465.0   1895.1 2001  6  6 11 52  8.900 2.2   1
     3992  29.425613  101.107811    -0.521  -212279.3   -95182.6     3727.4    971.5    730.3   1146.9 2001  6  7  6 59 23.200 3.0   1
     4050  29.038597  102.463776    11.266   -81149.0  -139703.3    13318.7   1549.6   2567.0   2754.8 2001  6  9  6  9 21.100 2.2   1
     4065  29.416689  101.119179    -1.209  -211220.0   -96206.2     3019.1    891.2    973.1    963.2 2001  6 10  0 10 19.900 3.1   1
     4100  31.510286  102.435814    13.384   -81748.6   134595.8    15334.5   1057.7    897.6   1656.9 2001  6 11 10 55  8.500 2.4   1
     4128  31.219969  103.334145    16.501     3238.7   102026.5    17321.3   1365.6   1154.2   2835.1 2001  6 13  6 34 37.100 2.0   1
     4172  30.727068  101.693245     4.875  -153443.0    48536.4     6910.0   2289.8   2004.9   3544.0 2001  6 14 16 52 50.500 2.3   1
     4177  30.728437  101.690483     9.109  -153602.4    48659.7    11149.5   1852.0   1703.2   3531.8 2001  6 14 22 48  5.800 1.8   1
     4211  30.636639  103.106155    15.434   -18500.8    37357.4    15571.2   1028.1   1204.2   1486.8 2001  6 16  7 41 57.300 1.8   1
     4260  31.378218  103.195297     3.408    -9934.8   119825.4     4543.3    845.2   1051.0   1495.9 2001  6 18  5 49 11.900 1.9   1
     4290  30.135174  102.538513    10.134   -73110.5   -18053.5    10579.4   1247.3   1201.8   2073.0 2001  6 20  5 19 58.400 2.1   1
     4359  29.766920  102.389526    29.713   -87467.6   -58647.7    30587.4   2069.5   1730.9   2313.2 2001  6 23 10 16 13.200 1.7   1
     4411  29.404881  101.072197    -1.216  -215793.6   -97431.0     3184.4   1194.2    732.5   1159.7 2001  6 25  1 10 45.300 2.7   1
     4417  31.418207  103.851334    13.655    52204.2   124191.1    15083.0   1324.1   1167.8   1974.5 2001  6 25  6 31 37.100 2.5   1
     4649  32.282764  103.759987    -2.171    43255.8   220591.7     1795.1   2242.8   2632.5   2315.8 2001  7  5 13 15 47.900 2.8   1
     4668  28.707838  102.657753    18.497   -62453.4  -176327.1    21252.1   1593.3   3082.9   3195.6 2001  7  6 21 27 11.500 2.1   1
     4684  29.439936  101.091850    -0.697  -213800.0   -93562.8     3578.2    942.4   1050.4   1319.5 2001  7  7 15 48 47.700 3.0   1
     4689  29.438997  101.073402     3.620  -215441.3   -93569.2     7953.9    748.8    819.9   1358.5 2001  7  7 17 28 57.400 2.8   1
     4738  29.826204  101.271164     9.661  -195376.0   -50858.0    12865.2   1688.2   1316.2   2298.6 2001  7  9  1 56 10.300 2.7   1
     4799  30.509048  103.250778     2.985    -4713.8    23234.9     3029.0   1006.3    874.1   1360.7 2001  7 12  1  8 15.800 2.4   1
     4821  30.006115  102.344460    15.992   -91775.2   -32210.4    16736.4   1593.7   1027.3   2655.2 2001  7 12 21 54 38.800 3.2   1
     4827  31.801399  104.032181    14.150    69037.5   166780.2    16713.1   1448.3   2148.0   1740.5 2001  7 12 23 49 25.500 1.9   1
     4847  30.094923  103.000206     0.999   -28837.6   -22761.7     1105.4   1203.4    678.3   1067.0 2001  7 13 18  7 47.900 2.5   1
     4889  31.652020  102.746338     7.979   -52340.0   150262.8     9969.2   1226.3   1591.6   3687.3 2001  7 15 11  5 25.300 1.8   1
     4914  31.598736  104.114845    10.622    77042.0   144435.9    12729.1   2035.8   3756.4   3317.7 2001  7 16  2  4 47.800 2.1   1
     4934  31.089481  103.143265    13.831   -14892.8    87602.9    14452.2   1144.3   1255.7   2935.3 2001  7 16 18  5 15.900 2.1   1
     4978  31.446758  103.987442     5.002    65160.3   127602.0     6614.3   1108.8   1188.6   2364.5 2001  7 18 20 11  7.200 3.1   1
     4991  29.432577  101.078041     8.123  -214854.0   -94224.2    12449.3   1306.5   1129.4   2618.7 2001  7 19 10 49 23.900 2.7   1
     5025  31.673790  103.164474    18.448   -12787.7   152308.8    20287.1   1083.2   1401.7   1721.2 2001  7 20  9 47 22.500 1.9   1
     5157  29.769119  102.295395    16.789   -96704.8   -58447.3    17794.1   2458.6   1363.8   3629.2 2001  7 25 15 29 31.000 1.8   1
     5191  29.427166  101.080673     0.518  -214867.7   -94943.2     4850.9   1219.1   1086.0   1880.9 2001  7 26 18 21 33.900 3.2   1
     5208  28.856167  103.628021     6.530    31912.6  -160319.5     8629.7    351.5    302.9    695.7 2001  7 27  3 27 19.000 3.4   1
     5245  29.429970  101.106834     0.230  -212340.0   -94685.2     4474.1   1234.8    820.9   1379.3 2001  7 29  1 28 50.700 2.5   1
     5255  32.005627  103.384155     7.533     7925.9   189407.6    10357.6   1825.3   1910.3   3041.9 2001  7 29  8 24  3.100 2.5   1
     5257  31.246801  103.333763    16.067     3201.5   105009.2    16935.3   1127.5    951.8   2065.1 2001  7 29  9 22 10.900 3.1   1
     5291  29.144512  103.586037    -2.388    27789.0  -128488.8    -1032.5   1371.5    699.3   1726.4 2001  7 31  3 47 25.300 2.6   1
     5299  29.985302  103.095985     5.596   -19632.2   -34944.2     5722.4   1251.3    746.0   1332.5 2001  7 31 11 18  9.900 2.2   1
     5328  31.179199  103.689583    -0.973    37067.4    97836.9     -113.8   1375.4   1163.6   1453.8 2001  8  2 14 48  8.200 1.8   1
     5332  31.530420  102.999535    -0.478   -28479.6   136853.8     1055.1    958.5   1181.1   1486.5 2001  8  2 16 47 25.300 1.9   1
     5388  29.445745  101.100418     9.505  -212617.2   -92784.2    13736.0   2088.8   1838.7   4197.9 2001  8  5 13 59 22.700 3.0   1
     5394  30.629444  102.869560     1.996   -41171.7    36698.7     2235.1   1274.3   1632.1   1627.8 2001  8  5 20 34 43.200 1.8   1
     5407  31.600529  103.081001    -0.954   -20743.7   144641.0      721.7    886.6   1059.1   1238.7 2001  8  6  2 34 55.000 2.5   1
     5420  29.978825  101.665337    13.200  -157099.9   -34508.5    15234.9   1444.4   1353.0   3549.5 2001  8  7  6 37  3.200 2.4   1
     5461  30.355946  103.294403     0.505     -537.4     6220.3      508.1   1503.8    950.9   1387.2 2001  8  9 15 50 18.500 2.6   1
     5614  30.459270  101.612633     1.695  -161665.2    18906.0     3774.8   3030.7   1838.2   1446.3 2001  8 14  2 48 42.900 2.3   1
     5655  31.606499  103.086403     7.852   -20203.5   145103.3     9538.3    983.1   1628.1   5446.2 2001  8 15 14 57  3.800 1.8   1
     5748  31.246511  103.324501     9.403     2325.9   105086.9    10271.8    872.3    695.0   1556.5 2001  8 19 10 47  5.400 2.3   1
     5749  31.253016  103.322113    12.241     2098.0   105762.0    13120.6   1531.2   1284.3   5041.4 2001  8 19 11  5 20.900 1.7   1
     5754  31.620708  103.085930     3.548   -20258.2   146780.1     5271.7    760.5   1146.6   1793.6 2001  8 19 22 42 59.300 1.7   1
     5755  32.016491  102.918831     8.694   -35888.2   190636.0    11651.6   1310.9   2086.9   3265.4 2001  8 19 23 27 41.500 2.7   1
     5890  31.537920  102.383812    -1.281   -86841.5   138017.4      805.7   1077.7    999.3   1964.2 2001  8 25  3 13 21.400 2.3   1
     5900  29.453180  101.120636     8.243  -210690.0   -92015.1    12397.8   1758.9   1575.1   3574.1 2001  8 25 10  7  5.300 2.5   1
     6000  30.524187  101.594185    -0.122  -163370.6    26155.8     2026.8   2254.7   1507.7   2190.4 2001  8 30 16 39  8.100 2.6   1
     6021  29.910311  102.795723     6.599   -48553.6   -43178.5     6931.2   1614.5   1542.7   3909.9 2001  8 31 23 17 29.900 3.6   1
     6022  30.465496  101.600937     1.474  -162781.5    19615.7     3584.7   1515.8   1016.0   1160.2 2001  9  1  0 33 19.500 2.2   1
     6026  29.891108  102.801971     7.069   -47957.5   -45310.9     7411.2   1500.3   1809.8   3977.5 2001  9  1  3 56 18.900 2.2   1
     6037  31.739845  103.864922    10.693    53331.9   159950.3    12928.3   1512.6   2311.2   2027.3 2001  9  2  1  5 41.100 2.1   1
     6038  31.485727  104.392654    -3.257   103655.7   132403.3    -1039.1   2288.0   2741.7   2629.6 2001  9  2  2 30 42.500 2.4   1
     6074  30.447935  101.588326    13.733  -163702.8    17647.9    15865.1   1674.7   1438.9   1883.3 2001  9  2 21 33 52.100 2.4   1
     6087  31.205605  103.484062    -0.326    17506.3   100713.4      493.8   1089.3    832.2   1292.1 2001  9  3  7 33 11.500 2.0   1
     6120  30.448273  101.606544    -2.841  -162383.0    17705.1     -747.9   1605.2    994.1   1254.4 2001  9  5 10 58  3.000 3.5   1
     6154  30.442574  101.598877     5.722  -162908.3    17059.3     7829.4   1990.1   2216.9   4358.8 2001  9  7  0 53 40.000 2.6   1
     6192  30.393173  101.584587     7.429  -164315.2    11589.1     9561.1   2481.3   1648.5   4287.2 2001  9  8  3 38 44.000 2.0   1
     6193  30.458191  101.593330     9.322  -163320.3    18791.4    11446.2   2112.3   1365.5   3330.8 2001  9  8  4 32 55.300 2.1   1
     6195  30.404587  101.573708    -2.165  -165586.9    12891.8       -0.9   1674.2   1369.6   1330.8 2001  9  8  5 14 27.200 2.1   1
     6200  30.456589  101.577827    13.115  -164708.1    18625.0    15275.9   1561.0   1055.8   1691.7 2001  9  8  9 45  9.900 2.8   1
     6214  30.438625  101.581917    12.530  -164363.1    16627.2    14676.4   1609.2    998.7   1628.5 2001  9  9  3 43 48.900 2.3   1
     6218  30.452549  101.570427    13.000  -165425.9    18187.8    15178.3   1892.8   1696.7   2455.5 2001  9  9  7 46 20.000 3.3   1
     6261  30.611750  103.104141    11.439   -18709.5    34618.3    11560.8   1006.0    980.9   1527.1 2001  9 10 16 40 46.200 2.2   1
     6307  31.658346  103.092522    13.977   -19594.7   150713.4    15793.9    797.1   1078.3   1999.0 2001  9 12 14 10 56.100 1.6   1
     6312  29.408432  101.086830    15.913  -213793.5   -96802.7    20248.0   1299.4   1262.7   1819.8 2001  9 12 16 38 27.100 3.2   1
     6466  28.727909  102.198235     5.476  -107332.1  -174115.8     8763.5   1871.8   2154.0   2818.7 2001  9 17 20 56  5.900 2.3   1
     6502  28.742113  102.179703    13.912  -108978.2  -172292.2    17182.0   1564.5   1755.4   2362.0 2001  9 18 18  1 29.200 2.4   1
     6526  31.617575  102.387543    10.690   -86252.1   146595.1    12964.6   1271.6   1050.9   2095.0 2001  9 18 22  0 39.700 2.0   1
     6540  29.529320  102.024773     4.409  -123284.3   -84941.6     6169.4   1955.1   1821.7   3212.5 2001  9 19  3  4 51.100 1.9   1
     6667  31.733698  102.773216    14.126   -49707.6   159164.6    16313.8   1254.1   1946.5   2757.7 2001  9 21  2 18 35.600 3.0   1
     6696  28.790932  102.188110     7.293  -108222.2  -167059.5    10406.4   1653.1   1852.2   3234.6 2001  9 21 14 25 19.500 2.5   1
     6713  30.574816  102.867172     1.089   -41429.1    30631.5     1297.8   1090.6   2003.8   2101.7 2001  9 21 18 29 59.800 1.9   1
     6765  32.014557  101.959869     8.279  -126176.4   191118.2    12402.0   2129.9   2572.4   3116.4 2001  9 23  6 34 47.500 3.9   1
     6801  30.946659  103.376747    14.745     7301.7    71739.4    15153.6   1089.1   1059.0   1494.7 2001  9 24  8 18  0.500 3.2   1
     6841  31.469643  104.382812     2.773   102642.7   130481.8     4937.5   1945.7   2212.7   2353.3 2001  9 25  8 11  2.600 2.4   1
     6877  29.909771  102.758774     3.650   -52135.3   -43242.2     4010.7   1363.8   1118.9   2416.2 2001  9 26  6 48 14.100 2.6   1
     6929  29.324768  103.017128     4.825   -27402.4  -108319.2     5805.7   1198.7   1674.8   1940.0 2001  9 27 19 56 10.400 1.7   1
     6938  28.321302  104.690437    -3.564   136165.6  -219266.8     1663.4   1860.9   1705.4   1790.6 2001  9 28  6 31 34.400 4.3   1
     6963  29.926542  101.960396     6.920  -128943.8   -40720.9     8357.2   2203.4   1851.7   2681.9 2001  9 28 22 37 47.000 2.1   1
     6964  29.935204  101.998596    23.882  -124922.7   -39695.7    25235.9   1874.1   1530.7   2091.1 2001  9 28 22 58 35.600 2.2   1
     6979  29.924032  101.980598    14.130  -126859.2   -40976.0    15527.9   1967.3   1322.3   2541.9 2001  9 29  8 33 36.800 2.2   1
     7013  29.934893  101.995743    21.272  -125248.7   -39743.1    22631.3   3304.5   1606.8   3703.8 2001  9 30  1 37 54.000 2.1   1
     7150  31.709385  102.777023     2.924   -49448.4   156742.3     5045.5   1194.6   1539.2   1799.0 2001 10  5 11 59  6.700 1.7   1
     7158  29.455173  102.012146    13.105  -124425.6   -93038.3    15003.2   1270.2   1448.9   2422.5 2001 10  5 18 30 29.500 2.6   1
     7195  29.432396  101.131828    -0.623  -209943.9   -94474.6     3537.8   1404.8   1608.0   1915.3 2001 10  9  1 32 21.000 3.0   1
     7259  30.178686  102.573334    11.514   -69721.3   -13242.2    11910.1    989.3   1050.7   1624.3 2001 10 12 21  5 18.600 2.8   1
     7278  30.147898  101.985275    15.086  -126105.0   -16143.1    16357.2   1976.2   1487.0   2357.6 2001 10 13 18 34 32.300 2.4   1
     7298  30.188972  102.567345    12.079   -70282.3   -12095.7    12479.2   1131.0   1112.5   2425.9 2001 10 14 15 41 23.200 2.9   1
     7299  30.176834  102.568649     8.282   -70207.7   -13451.6     8683.8   1474.7   1227.2   2211.8 2001 10 14 15 42 35.500 2.3   1
     7335  30.147408  102.923943     8.113   -36113.1   -16886.4     8237.5   1270.4    757.8   1416.5 2001 10 15 19 45 11.900 2.5   1
     7355  28.995899  101.990952    20.568  -126891.8  -143797.7    23464.1   1703.1   2201.5   2712.8 2001 10 16 17  6 24.100 2.2   1
     7392  31.992353  102.959816     7.800   -32042.3   187971.0    10657.5   1164.0   1785.9   2814.2 2001 10 18 15 57 32.100 2.0   1
     7400  31.688828  101.727547     0.452  -148752.2   155433.9     4085.8   2307.3   2108.5   1898.5 2001 10 18 20 19 57.000 2.8   1
     7448  29.369370  103.160126     4.096   -13545.5  -103402.0     4949.8   1032.1   1583.4   1270.8 2001 10 20  7  3 47.900 2.1   1
     7453  28.779234  102.242958    13.611  -102793.3  -168242.0    16668.6   2114.4   2328.4   3894.7 2001 10 20  7 37 11.300 2.4   1
     7543  30.745459  100.549126     4.696  -262595.3    52676.5    10332.2   1465.6   1138.8   1474.4 2001 10 22 23  6 53.900 2.7   1
     7551  29.556870  103.112358     9.537   -18122.9   -82491.5    10097.8    709.8   1489.9   2244.8 2001 10 23 10 33 54.800 1.9   1
     7564  29.547901  103.186256    11.191   -10983.1   -83474.8    11748.6   1064.8   1479.2   2749.8 2001 10 23 18 31 58.500 2.0   1
     7576  29.432674  100.992073    -0.282  -223457.1   -94172.0     4334.4    700.9    826.2   1166.9 2001 10 24  9 19 51.100 2.6   1
     7631  29.658802  103.231667    18.446    -6584.1   -71088.0    18847.4    920.8   1158.1   1486.3 2001 10 26  3 29 39.800 2.9   1
     7735  31.768017  101.226830    19.436  -195349.0   164503.2    24572.1   1258.9   1079.7   2198.3 2001 10 28 10 14 20.400 2.7   1
     7761  29.686420  103.238365     6.825    -5947.5   -68151.1     7192.4    873.4    977.9   1496.5 2001 10 28 21 48 23.200 3.1   1
     7835  31.458527  103.998543    -1.365    66270.3   129044.7      286.0   1298.2   1393.9   1499.9 2001 10 31  2 59 20.400 1.9   1
     7878  29.252642  102.939911     2.127   -34921.5  -116360.3     3285.5    995.5   1585.9   1082.2 2001 12  1 16  6 57.900 1.8   1
     7886  30.466913  102.342323     5.178   -91705.8    18931.1     5867.1   1216.6   1500.3   1503.8 2001 12  2  0  9 47.200 1.6   1
     7901  29.651699  102.078979    19.611  -117619.4   -71231.9    21099.5   1835.5   1193.6   2834.3 2001 12  2 15  0 16.000 2.3   1
     8016  29.643213  102.062073     3.432  -119562.2   -72338.8     4965.7   1725.8   1206.7   1929.8 2001 12  5  0 49 18.000 1.8   1
     8029  31.404278  103.354385     2.089     5159.9   122743.1     3274.4   1917.8   2130.8   5845.5 2001 12  5  8 27 28.600 1.3   1
     8059  29.033495  104.777359     8.730   143418.6  -139691.6    11881.2   1036.8   1972.5   1889.7 2001 12  6  3  4 37.100 3.8   1
     8135  29.351799  104.147285     9.913    81988.5  -104960.6    11307.2   1662.4   1708.3   2175.9 2001 12  8  9  0 15.400 3.3   1
     8159  30.257065  101.995956    -2.635  -125290.2    -4056.8    -1402.6   2399.3   2751.7   2317.6 2001 12  8 22 10 13.600 2.1   1
     8188  29.547607  101.991653     1.902  -126512.5   -82906.2     3698.5   2248.3   1941.3   3976.0 2001 12 10  2 31  6.400 2.7   1
     8196  30.252203  101.990013     0.285  -125810.6    -4589.2     1529.5   2357.8   2067.5   1414.8 2001 12 10  7 50 36.200 1.9   1
     8419  30.050896  103.158722     6.714   -13582.9   -27661.4     6789.1   1312.6   1051.3   1668.4 2001 12 14 23 49 49.200 2.0   1
     8481  31.760681  101.908928     4.072  -131420.3   163103.3     7518.7   2011.2   1906.8   2666.1 2001 12 16  2 48 19.100 2.3   1
     8493  31.763750  101.906738    10.706  -131485.6   163276.9    14161.9   2097.0   2059.5   1565.8 2001 12 16  8 35 37.100 2.4   1
     8607  31.241001  103.248955     3.918    -4850.2   104566.4     4778.3    839.2    889.2   1682.9 2001 12 20  4 42 27.400 1.8   1
     8631  31.531750  102.381538     1.949   -87018.8   137263.4     4022.5   1003.2    934.7   1912.3 2001 12 21  4 52 30.900 1.9   1
     8676  31.713316  103.201149    15.559    -9328.2   156757.8    17499.6   1168.2   1422.0   1669.6 2001 12 22 11 32  5.400 1.4   1
     8746  29.470293  102.065735     4.443  -119393.0   -91542.9     6220.4   2000.5   1813.6   3346.2 2001 12 24  1 33 18.400 2.2   1
     8783  31.239281  103.313820     5.099     1312.9   104354.9     5954.2    733.5    808.2   1651.9 2001 12 25  5 15 20.800 2.5   1
     8788  29.477604  100.982117     0.811  -224282.6   -89142.5     5384.9    983.3    905.8   1360.3 2001 12 25  7 48 41.200 2.5   1
     8849  30.230249  103.482201    16.483    17459.2    -7721.8    16512.1   1528.3    937.0   1895.5 2001 12 27  4 47 37.600 2.0   1
     8861  30.512186  103.069374    14.487   -22042.9    23562.5    14568.8   1087.1    915.3   1583.6 2001 12 27 17 19 52.800 3.3   1
     8863  30.517292  103.061684    14.974   -22775.0    24128.5    15061.0   1058.4    965.5   1587.6 2001 12 27 18  1 39.300 3.0   1
