   620126  30.367926  103.104919    34.808   -18613.9     7527.6    34839.6   2322.1    836.2   2748.6 2001 12 27  9 19 52.800 0.0   1
   620149  30.090584  103.527084     1.563    21842.1   -23258.4     1642.8   6569.5   4204.8   3909.6 2002  7  3 23 48 54.500 0.0   1
   620163  30.184925  102.085907     6.025  -116576.7   -12160.5     7104.4   2227.1   2394.5   2969.7 2002  9 13  5 36 42.700 0.0   1
   620164  30.177469  102.105652     4.030  -114725.7   -13012.9     5076.6   2232.6   2389.4   2664.8 2002  9 16 19 55 52.600 0.0   1
   620175  31.076893  103.485054     8.770    17600.0    86279.1     9379.3   2372.0   2113.9   3499.0 2002 11 16 16 17 59.200 0.0   1
   620190  29.213955  102.198608    10.376  -106711.1  -120041.3    12404.0   1822.9   2474.6   4299.3 2003  2 10 14 25 47.000 0.0   1
   620199  29.296970  104.014320    -2.054    69290.2  -111344.2     -704.8   1750.1   1580.2   2842.1 2003  3 18  6 48 35.800 0.0   1
   620203  31.279156  103.602943    15.124    28720.3   108651.3    16117.6   2363.5   2354.8   3398.0 2003  5  5 18 59 58.200 0.0   1
   620209  29.070410  102.223183    -3.069  -104697.1  -136283.3     -751.3   2663.9   2542.5   3517.2 2003  6  2  3 30  7.700 0.0   1
   620249  31.041225  103.368744    -0.022     6549.3    82420.2      514.5   2778.7   2148.9   1528.3 2003  9 15  9 18 59.300 0.0   1
   620252  29.175386  102.239685     7.634  -102814.8  -124413.7     9681.4   1923.9   2515.2   4479.1 2003  9 16 17  9 40.700 0.0   1
   620256  28.970385  102.205971     1.756  -106392.9  -147280.2     4347.6   2154.2   2397.0   3116.5 2003 10  9  9 41 24.000 0.0   1
   620279  29.128910  101.149193    -1.164  -208900.3  -128255.7     3553.0   2255.3   2681.5   2260.0 2003 11 19 12 40 33.100 0.0   1
   620286  29.343657  100.926025     2.352  -229954.2  -103892.4     7353.3   2428.1   2376.0   2611.8 2003 11 27 14 14 53.200 0.0   1
   620320  28.015392  103.391693     6.764     8991.6  -253696.3    11828.7   2928.8   2538.2   4210.2 2004  3  1 10 15 51.000 0.0   1
       12  29.460171  101.051697     4.439  -217466.6   -91163.6     8807.0   1137.0   1176.1   1971.3 2001  1  2  0  2 43.600 3.0   1
      115  29.465321  101.044731     4.681  -218120.5   -90574.7     9063.2   1161.5   1002.0   1509.7 2001  1  6  7 20 10.500 3.0   1
      133  31.700989  104.278664     5.894    92495.9   156021.5     8478.8   2096.0   1888.8   3076.8 2001  1  7  5 49  4.400 2.8   1
      137  29.113764  103.689018    10.183    37731.2  -131618.6    11656.8   1681.0    753.3   1537.6 2001  1  7  7 49 58.600 2.9   1
      138  29.118046  103.696671    11.506    38463.5  -131113.4    12974.4   1650.3    717.1   1443.1 2001  1  7  7 53 11.100 2.3   1
      153  31.473612  104.092255     8.736    75028.9   130573.0    10518.5   1832.1   1491.9   2532.5 2001  1  8  2  2 37.400 2.1   1
      191  29.474165  100.973663    14.766  -224614.0   -89312.0    19363.9   2537.1   1594.8   2401.5 2001  1  9 13  5  2.200 3.4   1
      293  29.960297  103.142403    -0.137   -15182.9   -37763.3       -7.4   1311.2    896.5   1137.8 2001  1 12 15 53 18.400 2.4   1
      322  31.434757  102.485237    18.955   -77068.0   126071.9    20673.5   1295.6   1117.0   1990.8 2001  1 13 20 39 56.500 2.8   1
      354  31.125525  103.768394     7.780    44529.9    91770.2     8597.5   1358.9   1095.3   2266.7 2001  1 14 17 41 38.100 2.4   1
      356  31.160133  103.771599    -0.552    44877.0    95740.1      325.8   1344.7   1452.8   1612.3 2001  1 14 18 20 23.100 2.0   1
      370  30.288584  103.093811     2.768   -19788.7    -1251.2     2798.5   1306.8    848.4   1546.6 2001  1 15  5 21 35.300 2.9   1
      374  31.746525  103.803574     6.642    47567.0   160766.6     8851.1   1744.6   1431.8   2579.6 2001  1 15  8 54  9.100 1.8   1
      381  31.162939  103.769920    -1.703    44723.7    96068.7     -821.9   2458.1   1492.7   2218.5 2001  1 15 18 34 30.800 2.0   1
      401  31.555126  102.426750    11.866   -82586.2   139609.8    13935.2   2436.0   1402.3   3458.8 2001  1 17  5 21 39.100 1.9   1
      405  29.474169  100.935616     9.823  -228463.6   -89305.1    14554.2   1612.4   1249.3   2146.1 2001  1 17  9  7 19.400 2.6   1
      443  29.455938  101.023315     1.357  -220326.2   -91623.3     5828.6    861.9   1229.5   1323.0 2001  1 18 18 32 40.400 2.6   1
      500  31.136559  103.827072    13.770    50055.1    92932.6    14646.8   1184.8   1049.6   1571.8 2001  1 21  8 16 31.600 2.8   1
      504  31.122448  103.816345    14.280    49039.6    91355.1    15125.5   1085.4    915.0   1560.1 2001  1 21 13  8 44.500 2.9   1
      510  31.132080  103.765381    -2.727    44313.7    92650.2    -1899.4   1440.4   1503.5   1579.6 2001  1 21 14 25 45.400 2.1   1
      528  31.140427  103.794167    10.682    46951.0    93393.2    11540.8   1302.1    992.9   1914.5 2001  1 22  3  3 47.600 2.5   1
      584  29.456697  100.970322    13.462  -225021.5   -91261.1    18100.8   1509.9   1677.2   2447.9 2001  1 25  0 31 21.400 3.1   1
      586  29.455748  101.073479    -2.498  -215604.6   -91796.3     1811.5   1336.7   1314.1   1809.2 2001  1 25  1 35 47.500 2.8   1
      593  30.025034  103.028206     3.808   -26150.3   -30525.2     3935.1   1319.8    954.1   1226.4 2001  1 25  8 40 55.600 2.0   1
      595  30.935436  101.099617    -0.471  -209829.7    72693.9     3400.1   2760.2   1697.9   3227.6 2001  1 25  9 46 46.700 1.9   1
      607  28.928389  102.494240    22.893   -78133.0  -151676.5    25186.7   1735.1   1899.7   2326.2 2001  1 26  1 17 18.600 2.2   1
      665  30.944462  103.158676    18.671   -13438.0    71457.6    19086.8   1002.0   1078.8   1437.4 2001  1 29  4 14 37.300 3.0   1
      699  30.397635  101.993889     6.174  -125135.9    11565.4     7415.2   3217.1   2936.9   3187.2 2001  1 31 17 23  9.600 2.2   1
      732  29.507801  103.256538     6.313    -4201.5   -87997.5     6922.8   1027.0   1346.2   2166.5 2001  2  2 14 42 34.500 2.6   1
      753  30.020956  103.120926     3.566   -17230.9   -30997.1     3665.2   1295.3   1126.8   1695.8 2001  2  4  4 42  4.400 2.0   1
      821  30.628096  103.048965     2.078   -24011.6    36496.6     2228.2   1003.8   1222.8   1946.9 2001  2  9 11 33 16.600 2.1   1
      822  30.414225  102.682899     0.456   -59170.5    12860.9      743.3   1485.1   1231.0   1496.9 2001  2  9 17 44 48.600 2.7   1
      854  29.641323  102.331062     6.777   -93537.9   -72763.1     7880.7   1907.9   1351.7   2353.8 2001  2 11  6 25 36.200 2.1   1
      895  29.459225  101.068993    12.552  -215521.6   -91185.1    16859.7   1004.6   1013.3   1664.8 2001  2 12 17 55  4.600 2.7   1
      899  29.448620  101.044174    11.586  -217974.0   -92328.2    15992.9    944.7    984.5   1521.3 2001  2 12 20 44 50.100 3.3   1
      911  29.453951  101.072098    12.575  -215232.6   -91776.0    16881.2   1041.6   1062.4   1832.0 2001  2 13  1  0  9.400 2.8   1
      924  29.439857  101.026001    16.229  -219587.5   -93197.8    20708.1    952.4   1014.6   1502.8 2001  2 13 15 32 21.900 2.4   1
      945  29.449389  101.036751    -0.127  -219091.9   -92398.7     4311.3    910.0    770.9   1335.6 2001  2 14 13  0 32.600 3.1   1
      946  29.476229  101.046318     1.095  -218066.8   -89416.4     5456.4    915.9   1024.6   1805.5 2001  2 14 15 27 28.200 0.0   1
      951  29.472174  101.034569    -0.251  -219258.2   -89863.4     4156.6   1250.6   1074.5   1447.9 2001  2 14 15 39 59.900 3.0   1
      960  29.466742  101.018028     2.818  -220763.4   -90391.8     7288.0   1110.5    977.8   1489.5 2001  2 14 16 24 47.900 3.3   1
      970  29.475296  101.018700    11.788  -220369.1   -89316.6    16234.9    833.6    834.3   1439.6 2001  2 14 17 50 30.900 2.9   1
      976  29.463455  101.057892     1.752  -216952.2   -90848.6     6096.3    902.9    885.2   1165.6 2001  2 14 18 34 57.000 2.6   1
     1010  29.462271  101.024971     5.164  -220020.6   -90868.5     9616.6   1048.6    853.4   1505.9 2001  2 15  9 15 58.700 2.7   1
     1034  29.462193  101.029411     9.454  -219443.6   -90824.4    13888.8   1103.5    888.2   1897.3 2001  2 16  6 37 57.100 2.7   1
     1035  29.470753  101.036964     0.645  -218999.1   -90013.2     5047.1    849.9    831.5   1399.5 2001  2 16  7  3 16.800 2.7   1
     1095  31.205673  103.437714     5.187    13086.3   100627.7     5995.4   1150.7    978.6   2029.7 2001  2 17 17 43 43.500 2.2   1
     1153  29.463757  101.042381     6.168  -218299.9   -90722.6    10559.3   1053.8    990.5   1828.4 2001  2 19 13 16 49.100 2.6   1
     1155  29.466743  101.065697     3.185  -216142.1   -90477.7     7497.3    901.1    976.2   1516.6 2001  2 19 13 37 16.200 2.5   1
     1171  29.470446  101.040405     1.824  -218626.3   -90037.2     6214.1   1172.3   1191.6   1792.4 2001  2 20  8 21 28.400 2.8   1
     1240  29.719759  102.630577     9.477   -64547.9   -64232.6    10128.7   1739.6   1303.3   1899.8 2001  2 22 19  5 56.500 1.8   1
     1243  31.716263  102.384720     6.431   -86484.3   157654.7     8972.0   1147.5   1086.6   2838.3 2001  2 23  1 55 52.000 2.0   1
     1247  29.446407  100.988159    -2.168  -223871.8   -92665.0     2439.3    930.7    952.7   1457.5 2001  2 23  9 34 43.000 3.0   1
     1248  29.454535  101.022072    13.419  -220032.0   -91603.1    17888.3   1146.9   1037.8   1788.4 2001  2 23  9 39 38.000 2.7   1
     1250  29.450399  100.998947    12.286  -222313.0   -92032.9    16839.9   1993.7   1795.2   3129.5 2001  2 23 10 11 51.000 4.2   1
     1252  29.473547  101.032761    -2.307  -219501.0   -89736.3     2105.7   1717.2   1590.2   1684.4 2001  2 23 10 19 35.900 2.6   1
     1264  31.621014  103.865753     7.334    53506.4   146840.8     9253.4   1349.1   1226.7   2617.4 2001  2 23 18 15 11.400 1.9   1
     1277  31.595495  102.971107     9.840   -31102.2   143862.4    11543.1   1107.4   1420.7   2924.3 2001  2 24  0  8 36.000 2.0   1
     1279  29.462994  101.017365    -2.930  -221035.2   -90888.6     1552.4   1565.1   1759.2   1488.7 2001  2 24  0 55 18.300 2.9   1
     1281  29.466034  101.014076    -0.102  -221248.5   -90504.0     4384.5    929.7    755.2   1331.9 2001  2 24  2 22 20.000 2.7   1
     1285  29.465256  101.039665     2.423  -218688.0   -90604.3     6823.4   1057.2   1058.1   1502.5 2001  2 25  2  5  9.100 2.6   1
     1287  29.481709  100.985229     2.867  -223900.1   -88663.8     7422.3    941.4    916.5   1478.5 2001  2 25  6 28  9.300 2.0   1
     1298  29.477486  101.080460     4.116  -214659.9   -89299.4     8362.5    897.3    917.2   1781.4 2001  2 25 14 57 26.900 3.0   1
     1300  29.455700  101.040695     1.778  -218631.4   -91677.1     6191.9   1118.0    885.1   2167.9 2001  2 25 16 47  4.200 2.7   1
     1311  29.479650  101.031403     2.220  -219463.2   -88991.7     6624.1    925.0    926.3   1912.6 2001  2 26  6  4 43.400 3.0   1
     1321  29.438393  101.009872    -3.924  -221848.4   -93624.9      624.8    928.3    808.9   1054.9 2001  2 26 12 18  1.600 2.8   1
     1331  29.463797  101.042686     2.663  -218391.2   -90768.6     7055.7    937.7    991.5   2186.2 2001  2 27  2 46 21.800 2.2   1
     1352  29.460215  100.981796    -1.584  -224436.2   -91108.7     3021.5    934.3   1042.6   1613.0 2001  2 27 22 21 48.400 3.2   1
     1388  29.455946  101.057922     1.618  -216970.1   -91685.2     5975.1    927.0    889.3   1173.6 2001  3  1 13 19 54.500 3.5   1
     1424  29.463305  101.025963    -0.524  -220118.9   -90836.6     3927.2   1105.6    814.9   1387.3 2001  3  3  0 16 59.600 2.9   1
     1439  30.388472  102.641533    26.738   -62893.1     9978.5    27057.6   1081.8   1126.1   2265.0 2001  3  3 15 48  7.200 2.7   1
     1442  30.981083  103.343323     4.770     4126.9    75674.9     5221.0    912.0    990.7   1411.9 2001  3  3 17 38  4.500 2.1   1
     1446  29.002441  102.785889     6.212   -49948.8  -144015.8     8038.0   1292.4   2666.5   2205.5 2001  3  3 18 49 32.900 1.9   1
     1453  31.414310  101.173340    -1.672  -201818.3   125820.0     2767.0   1041.5    748.8    637.1 2001  3  3 23 40 12.500 2.1   1
     1457  29.448503  100.978104     1.553  -224708.6   -92358.0     6187.7    929.0   1152.5   1646.8 2001  3  4  2  7  1.000 2.6   1
     1487  28.984554  101.839333    21.939  -141571.4  -144844.0    25170.4   1779.2   1795.2   2092.9 2001  3  4 21 10 45.300 2.7   1
     1496  29.453545  101.095406     0.458  -213388.5   -92040.1     4697.7   1245.0   1075.9   1951.4 2001  3  5 13 35  2.500 2.5   1
     1530  29.928482  103.039902    33.210   -24934.1   -41066.6    33392.2   1371.7   1020.5   2264.8 2001  3  7  0  9 22.000 2.0   1
     1550  27.702803  102.787468     9.461   -50382.5  -288153.7    16190.2   1648.7   2115.3   3338.6 2001  3  7 19 51 23.600 4.2   1
     1585  31.564419  102.449066     1.183   -80602.8   140861.0     3251.1   1290.2   1114.5   1819.9 2001  3  8 19 33 41.300 2.1   1
     1603  31.975019  103.680153     1.822    35847.6   186233.6     4646.6   1388.3   1582.3   1789.5 2001  3  9 14  0 26.700 2.0   1
     1644  30.453310  103.341209     7.153     3945.2    17028.7     7177.1   1516.4   1233.4   1756.5 2001  3 11 16 37 23.400 2.3   1
     1651  29.444122  100.977798     0.112  -224798.9   -92865.4     4756.4    989.5    832.1   1415.1 2001  3 11 22 32  4.200 3.5   1
     1659  29.460871  101.034325     2.306  -219218.0   -91082.8     6731.5    847.9    888.4   1585.0 2001  3 12 10 16 46.900 3.0   1
     1684  30.507277  101.548820    11.233  -167443.4    24298.4    13484.3   2691.0   1566.1   4549.9 2001  3 13 18 37  8.400 2.0   1
     1723  29.244762  104.295662     6.910    96491.5  -116780.2     8713.3   3235.5   3500.5   3900.0 2001  3 15  8 17 45.300 2.6   1
     1910  31.619925  102.382332    14.347   -86692.3   146775.2    16632.7   1418.2   1287.2   1907.2 2001  3 24  2 29 21.700 2.0   1
     1932  29.470850  101.009575     0.680  -221646.2   -89949.1     5172.7   1320.9   1306.3   1905.0 2001  3 25  0 23 17.500 2.8   1
     1997  29.260185  101.840714    -0.669  -141561.8  -114718.2     1937.1   1694.8   1792.4   1993.7 2001  3 26 12 47 28.600 2.9   1
     2059  29.210325  101.838257    18.189  -141448.8  -119902.7    20896.3   1631.4   1914.5   1811.7 2001  3 28  6 38 53.400 2.7   1
     2135  29.499249  100.918419     8.657  -230109.1   -86502.4    13408.3   2153.3   1835.7   3827.7 2001  3 30 10 28 13.200 2.7   1
     2138  29.498331  100.923843     9.424  -229560.1   -86605.0    14157.5   1637.1   1218.7   1928.2 2001  3 30 15 38 13.900 2.8   1
     2143  29.476782  100.913994     9.779  -230546.9   -88971.8    14581.1   1904.3   1632.5   4079.4 2001  3 30 19 26 28.200 3.0   1
     2165  29.552368  103.353317    14.900     5145.3   -82935.0    15443.0   1160.7   1457.7   1489.1 2001  3 31 23 22 22.200 1.9   1
     2199  29.449255  100.943260     6.590  -227897.1   -92132.3    11338.6    999.7   1057.7   1709.1 2001  4  2  1 50  2.000 2.6   1
     2238  29.427265  101.091202     8.771  -213572.0   -94829.2    13064.1   1358.0   1483.5   2653.9 2001  4  3 21 35 25.900 2.7   1
     2244  31.627819  104.028854    14.454    68849.3   147519.2    16538.8   1244.0   1228.9   1406.1 2001  4  4  4 20 10.900 2.2   1
     2248  29.432497  101.039833    16.655  -218254.0   -94034.1    21100.4    839.4    859.7   1445.2 2001  4  4  9 20 16.800 2.9   1
     2257  29.456585  100.956596    15.228  -226284.3   -91220.9    19912.9   1306.1   1386.2   1883.1 2001  4  4 18 55 26.900 3.4   1
     2286  29.467707  100.967079     7.059  -225537.0   -90124.1    11695.2   1574.0   1390.0   2701.3 2001  4  6 13  2  7.800 3.4   1
     2301  30.469471  101.592293     6.327  -163477.8    20054.6     8458.6   1764.7   1304.1   2830.2 2001  4  7  0 37 51.400 2.3   1
     2322  29.952463  103.224869     4.483    -7233.6   -38614.7     4604.5   1370.5    967.6    969.6 2001  4  7 19 51 13.200 1.9   1
     2323  29.699463  102.583145    17.347   -69049.0   -66376.0    18068.9   1907.1   1602.3   3201.9 2001  4  7 20 34 24.800 2.0   1
     2329  29.495075  100.983185     9.055  -223850.2   -87089.7    13590.6   1030.3   1361.8   2085.9 2001  4  7 22 36 39.000 2.5   1
     2330  29.483583  101.009560    12.360  -221213.6   -88371.0    16823.6    999.9   1024.4   1532.5 2001  4  7 23 46 29.000 2.7   1
     2336  29.459562  101.014221    21.203  -220508.6   -90918.5    25684.5    900.9    939.8   1593.1 2001  4  8  2 22 17.100 2.8   1
     2338  29.465437  101.020233     3.529  -220528.7   -90530.7     7992.8    794.8    849.3   1468.1 2001  4  8  5 21 41.400 2.5   1
     2339  32.236725  103.539253     4.703    22486.5   215177.4     8379.8   2099.9   2596.3   3169.7 2001  4  8  6 23  0.400 2.0   1
     2367  29.697397  102.041527    24.576  -121077.1   -66075.9    26075.6   1862.7   1213.2   3453.2 2001  4  9  1 56 51.300 1.9   1
     2381  29.457108  103.475746    14.994    16975.6   -93488.3    15704.5   1554.9   1232.4   1374.3 2001  4  9 14 35 11.900 2.1   1
     2403  30.917217  103.131340    17.526   -16044.7    68453.0    17914.7   1165.6   1299.9   1786.5 2001  4 10 19 29 52.800 2.8   1
     2434  31.384418  103.878906    11.701    54851.8   120492.6    13079.0   1429.9   1261.7   1892.4 2001  4 11 18 30 18.600 1.9   1
     2472  29.773651  102.309425     6.850   -95499.3   -58047.2     7831.1   1947.8   1275.4   1876.7 2001  4 13 17 41 13.500 2.0   1
     2491  30.057566  102.876060     2.158   -40786.5   -26872.0     2345.0   1427.5    915.1   1860.7 2001  4 14 11 29 43.400 2.1   1
     2518  31.881926  102.878601     3.186   -39768.5   175865.3     5738.7   1190.4   1177.6   2245.4 2001  4 15 23  1 38.100 1.8   1
     2562  30.600801  102.420670    14.337   -83967.7    33697.2    14980.5   1693.5   1407.1   2498.2 2001  4 17 22 15 44.600 1.7   1
     2566  29.978502  101.666428     4.886  -157200.7   -34590.8     6920.8   1753.7   1487.1   2685.2 2001  4 18  8 36 37.300 2.5   1
     2593  31.620300  102.358810    15.280   -88901.3   146813.6    17598.1   1421.7   1206.5   1751.1 2001  4 19 12 55 47.600 3.8   1
     2601  30.704313  102.797234     3.266   -48042.5    45040.4     3606.3   1171.2    940.3   2263.3 2001  4 19 18 50 12.000 1.7   1
     2632  31.633335  103.192459    15.798   -10155.9   147883.4    17526.9   1301.8   1463.7   3858.7 2001  4 21  2 38 56.800 2.0   1
     2704  29.451876  101.052399     1.033  -217533.4   -92135.8     5415.0    794.0    743.8   1575.4 2001  4 23 11 26  5.900 2.9   1
     2759  29.715326  102.943329     2.189   -34432.5   -64935.2     2613.3   2137.0   1585.8   2690.9 2001  4 25 11  1 18.900 2.2   1
     2817  31.268122  101.036201    13.712  -214640.2   109552.6    18281.2   4409.5   3571.5   4135.6 2001  4 27 14 39 56.900 3.9   1
     2838  30.783745  103.500458     0.965    19146.4    53797.8     1221.0   2837.6   2418.9   3137.9 2001  4 28 15 16  3.300 3.0   1
     2888  30.233770  102.928589     3.317   -35662.5    -7302.3     3421.3   1149.1   1055.0   1438.5 2001  4 30  8 40 35.400 2.0   1
     2903  30.917305  103.423767    -0.112    11806.4    68647.3      268.6   1076.9   1270.6   1170.4 2001  4 30 20 44 48.100 2.0   1
     3011  29.417448  101.111320    -0.439  -211953.8   -96095.8     3812.1   1049.8    981.0   1527.3 2001  5  5 10 35 29.100 2.7   1
     3020  29.426029  101.105537     4.902  -212317.6   -95051.2     9153.2   1548.3   1361.9   2165.4 2001  5  5 13 27  0.200 2.5   1
     3022  29.377556  101.130264    21.314  -209484.4  -100222.2    25562.0    923.8    970.6   1525.0 2001  5  5 13 30 24.200 3.1   1
     3044  29.473343  101.119942    -3.332  -211099.2   -89938.6      798.9   1790.5   1595.0   1866.5 2001  5  5 18 41  9.200 3.0   1
     3132  29.039946  102.429756    19.351   -84341.0  -139351.5    21439.7   1395.8   2388.4   2105.4 2001  5  8 15 45 47.600 2.3   1
     3152  29.457697  101.012215     3.310  -221328.3   -91378.1     7813.5   1183.0   1088.5   1582.1 2001  5  9  7 19 17.200 2.8   1
     3263  29.962835  103.193489     1.005   -10258.6   -37480.1     1123.6   1361.5    986.0   1276.2 2001  5 14  3 57 37.000 2.5   1
     3425  29.084244  102.379875    28.772   -89004.7  -134204.7    30817.3   1483.3   2398.6   2477.8 2001  5 19 17 57  9.600 2.0   1
     3431  29.480354  100.980431     6.466  -224240.1   -88754.8    11036.6   1139.1    846.1   1844.9 2001  5 20  2 58  7.200 2.3   1
     3441  32.165745  101.520844    15.088  -167044.5   208241.9    20696.9   2400.9   3116.5   2999.7 2001  5 20 11 50 47.900 3.0   1
     3442  32.213959  101.516068    20.841  -167252.3   213400.4    26631.9   2493.3   3023.2   3600.0 2001  5 20 11 52 47.400 2.8   1
     3556  31.462276  102.092102    13.564  -114313.5   129562.8    15912.5   1583.5   1069.2   2090.8 2001  5 22 23 41 35.100 2.2   1
     3558  28.140121  103.599777    -2.580    29405.5  -240169.1     2014.3   3402.1   3521.6   4241.8 2001  5 23  2 28 37.200 3.3   1
     3564  29.272488  103.066391    21.331   -22583.3  -113842.2    22391.9   1050.3   1740.2   2062.4 2001  5 23 11  1 11.800 2.0   1
     3591  31.020359  103.284508    16.567    -1472.1    79889.6    17069.1   1801.7   1388.8   2302.5 2001  5 24  4 47 28.800 1.4   1
     3669  29.467495  102.919670    21.972   -36692.4   -92186.5    22747.8    938.2   1886.7   1836.3 2001  5 27  0 35  0.100 2.8   1
     3705  30.669271  102.893494    -0.101   -38878.9    41130.8      150.6   1356.1   1353.3   1866.1 2001  5 28  8  0 35.800 2.8   1
     3742  29.424479  101.083832     7.186  -214343.1   -95148.3    11508.1   1222.8   1074.9   2491.8 2001  5 29 21 25 58.700 2.4   1
     3751  29.420292  101.115936     1.608  -211433.2   -95757.1     5838.2   1100.0    848.9   2527.3 2001  5 30  2 26 18.300 2.8   1
     3783  31.813038  103.295731     2.020     -403.4   168168.6     4240.7   1107.3   1334.5   2087.4 2001  5 31  3 51 33.500 1.8   1
     3791  29.422611  101.106133     0.970  -212398.3   -95490.9     5228.1    994.1    914.8   1855.9 2001  5 31 11 22 41.000 3.0   1
     3915  29.795624  102.414558     3.949   -85384.1   -55715.7     4765.1   1558.9   1195.1   2031.3 2001  6  4 15 27 31.100 2.1   1
     3918  31.144699  103.948570    11.058    61613.9    93935.6    12049.9   1954.7   1510.3   3150.3 2001  6  4 17 57 30.000 2.0   1
     3931  29.792479  102.394806     1.675   -87322.8   -56070.0     2520.2   1966.2   1613.5   2431.5 2001  6  5  2 34 25.400 2.1   1
     3967  30.434336  102.501999     6.091   -76432.0    15191.7     6568.2   1696.7   1169.9   1901.4 2001  6  6 11 52  8.900 2.2   1
     3992  29.425436  101.106949    -0.495  -212362.0   -95200.4     3756.5   1052.5    698.7   1275.0 2001  6  7  6 59 23.200 3.0   1
     4050  29.040298  102.465240    11.121   -81007.0  -139519.0    13167.6   1363.5   2388.8   2785.9 2001  6  9  6  9 21.100 2.2   1
     4065  29.416710  101.118790    -1.259  -211259.2   -96204.1     2971.0   1059.4    968.5   1135.0 2001  6 10  0 10 19.900 3.1   1
     4100  31.510296  102.435875    13.041   -81747.4   134604.0    14992.1   1310.4    999.8   1911.2 2001  6 11 10 55  8.500 2.4   1
     4128  31.220221  103.334335    16.172     3257.0   102059.9    16992.8   1212.6   1230.1   2142.0 2001  6 13  6 34 37.100 2.0   1
     4172  30.728563  101.692627     4.764  -153502.5    48704.2     6801.1   3374.2   1617.3   3255.1 2001  6 14 16 52 50.500 2.3   1
     4177  30.729919  101.690033     9.039  -153645.1    48825.4    11082.1   2323.2   2233.5   3746.3 2001  6 14 22 48  5.800 1.8   1
     4211  30.635708  103.106094    15.462   -18506.5    37253.8    15597.8   1079.0   1348.1   1403.1 2001  6 16  7 41 57.300 1.8   1
     4260  31.379198  103.195450     3.638    -9919.5   119929.7     4774.8   1087.7   1250.1   2102.6 2001  6 18  5 49 11.900 1.9   1
     4290  30.135834  102.537201    10.305   -73234.4   -17979.1    10752.4   1443.2   1120.8   2567.1 2001  6 20  5 19 58.400 2.1   1
     4359  29.767538  102.387558    29.497   -87659.5   -58579.9    30373.4   2040.2   1432.5   2152.1 2001  6 23 10 16 13.200 1.7   1
     4411  29.404573  101.070450    -1.181  -215962.7   -97461.4     3225.0   1126.7    951.6   1186.8 2001  6 25  1 10 45.300 2.7   1
     4417  31.418474  103.850624    13.508    52137.9   124223.1    14935.4   1281.2   1027.9   1973.1 2001  6 25  6 31 37.100 2.5   1
     4649  32.281731  103.757698    -2.226    43041.5   220478.0     1733.9   2471.6   2762.4   2461.7 2001  7  5 13 15 47.900 2.8   1
     4668  28.713074  102.657005    19.156   -62516.3  -175728.1    21894.8   1546.9   2990.3   3201.0 2001  7  6 21 27 11.500 2.1   1
     4684  29.439291  101.092468    -0.576  -213736.9   -93634.1     3698.7   1128.0    756.3   1442.5 2001  7  7 15 48 47.700 3.0   1
     4689  29.438925  101.073013     3.680  -215477.1   -93575.3     8015.0    773.3    721.7   1660.5 2001  7  7 17 28 57.400 2.8   1
     4738  29.826797  101.268356     9.707  -195643.6   -50786.7    12919.5   2301.7   1911.9   3583.7 2001  7  9  1 56 10.300 2.7   1
     4799  30.509537  103.249870     2.978    -4799.6    23289.1     3022.2   1140.2   1097.6   1491.9 2001  7 12  1  8 15.800 2.4   1
     4821  30.006197  102.344337    16.112   -91784.7   -32200.5    16856.7   1779.7   1045.7   2725.9 2001  7 12 21 54 38.800 3.2   1
     4827  31.799076  104.034042    14.015    69215.6   166527.2    16573.4   1428.6   1803.1   1842.7 2001  7 12 23 49 25.500 1.9   1
     4847  30.094715  102.999588     1.013   -28896.7   -22784.8     1119.2   1249.1    804.1   1066.9 2001  7 13 18  7 47.900 2.5   1
     4889  31.651524  102.746773     9.375   -52287.8   150174.6    11363.1   1196.3   1605.1   4773.0 2001  7 15 11  5 25.300 1.8   1
     4914  31.603893  104.107964     9.887    76395.9   145020.4    11999.2   2024.9   3159.4   2615.2 2001  7 16  2  4 47.800 2.1   1
     4934  31.088709  103.144165    14.938   -14804.5    87501.9    15557.3   1277.5   1526.1   3341.1 2001  7 16 18  5 15.900 2.1   1
     4978  31.447178  103.987251     4.595    65146.3   127656.8     6208.1   1479.0   1154.2   2493.1 2001  7 18 20 11  7.200 3.1   1
     4991  29.431387  101.078880     9.103  -214742.5   -94343.5    13427.8   1172.8   1004.4   2478.7 2001  7 19 10 49 23.900 2.7   1
     5025  31.674667  103.164642    18.347   -12772.7   152408.5    20188.0   1163.0   1482.3   2150.2 2001  7 20  9 47 22.500 1.9   1
     5157  29.770147  102.300781    14.924   -96214.1   -58354.8    15920.4   2537.5   1177.5   3623.9 2001  7 25 15 29 31.000 1.8   1
     5191  29.428020  101.082245     0.758  -214705.5   -94847.6     5084.1   1224.3    773.5   1861.8 2001  7 26 18 21 33.900 3.2   1
     5208  28.856228  103.627861     6.487    31897.3  -160313.9     8586.2    638.0    573.1   1131.8 2001  7 27  3 27 19.000 3.4   1
     5245  29.430197  101.106728     0.142  -212352.4   -94661.0     4385.4   1630.7   1124.7   1628.9 2001  7 29  1 28 50.700 2.5   1
     5255  32.005341  103.384048     7.483     7915.3   189377.3    10306.4   1551.3   1752.1   2787.7 2001  7 29  8 24  3.100 2.5   1
     5257  31.246780  103.335411    16.594     3357.0   104998.5    17462.1   1252.1   1190.8   2291.6 2001  7 29  9 22 10.900 3.1   1
     5291  29.144562  103.586372    -2.098    27820.2  -128477.6     -742.4   1460.4    485.1   1993.2 2001  7 31  3 47 25.300 2.6   1
     5299  29.985331  103.095375     5.711   -19690.1   -34940.4     5837.3   1299.5    842.4   1326.8 2001  7 31 11 18  9.900 2.2   1
     5328  31.179592  103.690018    -0.782    37107.9    97877.6       78.1   1716.2   1360.9   1685.8 2001  8  2 14 48  8.200 1.8   1
     5332  31.530855  102.999512    -0.248   -28480.6   136896.8     1287.0   1120.7   1127.9   1585.3 2001  8  2 16 47 25.300 1.9   1
     5388  29.450136  101.100655     7.911  -212639.1   -92320.6    12135.3   2506.1   2604.9   4857.5 2001  8  5 13 59 22.700 3.0   1
     5394  30.627457  102.870132     1.874   -41118.2    36478.1     2110.9   1293.9   1583.3   1781.9 2001  8  5 20 34 43.200 1.8   1
     5407  31.601343  103.081284    -0.811   -20716.5   144728.3      866.2   1010.9   1337.2   1449.0 2001  8  6  2 34 55.000 2.5   1
     5420  29.977964  101.667755    13.419  -156863.5   -34606.1    15448.6   1745.6   1587.8   3724.2 2001  8  7  6 37  3.200 2.4   1
     5461  30.355984  103.293762     0.318     -598.4     6224.3      321.0   1538.3   1013.4   1612.5 2001  8  9 15 50 18.500 2.6   1
     5614  30.457504  101.621147     1.700  -160853.3    18698.0     3758.5   3449.2   1610.5   1676.2 2001  8 14  2 48 42.900 2.3   1
     5655  31.607016  103.086525     9.102   -20187.8   145131.9    10790.0   1033.1   1536.8   4960.8 2001  8 15 14 57  3.800 1.8   1
     5748  31.246788  103.324516     9.331     2326.9   105118.8    10199.9   1020.3    993.7   2411.0 2001  8 19 10 47  5.400 2.3   1
     5749  31.252005  103.321274    10.271     2019.4   105682.5    11149.7   1446.5   1439.0   4362.2 2001  8 19 11  5 20.900 1.7   1
     5754  31.620985  103.086197     3.727   -20232.6   146806.7     5451.9    834.4   1234.6   2168.2 2001  8 19 22 42 59.300 1.7   1
     5755  32.015064  102.918381     7.112   -35939.5   190525.2    10066.2   1585.3   1882.7   2533.1 2001  8 19 23 27 41.500 2.7   1
     5890  31.538586  102.384636    -1.014   -86759.0   138085.1     1073.2   1395.9   1545.9   2137.9 2001  8 25  3 13 21.400 2.3   1
     5900  29.451277  101.120865     9.669  -210625.5   -92205.9    13825.4   1285.2   1444.4   2744.8 2001  8 25 10  7  5.300 2.5   1
     6000  30.523975  101.592270    -0.551  -163565.0    26136.8     1602.4   2834.0   1828.5   2645.1 2001  8 30 16 39  8.100 2.6   1
     6021  29.910164  102.793388     7.116   -48774.0   -43190.3     7449.9   2354.8   2069.2   4032.0 2001  8 31 23 17 29.900 3.6   1
     6022  30.465372  101.599571     1.398  -162914.5    19604.2     3511.7   1686.8    867.3   1356.7 2001  9  1  0 33 19.500 2.2   1
     6026  29.891087  102.800224     7.278   -48124.4   -45310.7     7621.6   1962.6   2819.0   4024.8 2001  9  1  3 56 18.900 2.2   1
     6037  31.737659  103.865784    10.655    53414.4   159709.2    12884.3   1661.1   2115.6   1840.8 2001  9  2  1  5 41.100 2.1   1
     6038  31.485968  104.391434    -3.247   103540.3   132428.7    -1030.0   2445.0   2889.3   2840.5 2001  9  2  2 30 42.500 2.4   1
     6074  30.449690  101.588028    13.465  -163735.7    17843.6    15599.1   1941.6   1613.6   2444.0 2001  9  2 21 33 52.100 2.4   1
     6087  31.205826  103.483833    -0.363    17484.9   100738.6      457.3   1117.6    812.7   1505.0 2001  9  3  7 33 11.500 2.0   1
     6120  30.447979  101.605820    -2.667  -162448.4    17673.2     -571.7   1922.1   1084.5   1291.5 2001  9  5 10 58  3.000 3.5   1
     6154  30.442724  101.596062     5.404  -163185.5    17080.9     7519.0   2316.4   2084.2   4864.5 2001  9  7  0 53 40.000 2.6   1
     6192  30.391712  101.584930     9.241  -164237.8    11423.1    11371.5   2258.3   1509.5   3831.3 2001  9  8  3 38 44.000 2.0   1
     6193  30.457314  101.592644    10.034  -163369.2    18692.9    12160.1   2014.5   1222.7   3381.0 2001  9  8  4 32 55.300 2.1   1
     6195  30.405891  101.575417    -2.247  -165423.1    13034.9      -86.9   1827.3   1330.7   1458.2 2001  9  8  5 14 27.200 2.1   1
     6200  30.456909  101.576180    13.053  -164866.8    18663.2    15218.5   1731.0   1032.4   2351.4 2001  9  8  9 45  9.900 2.8   1
     6214  30.438927  101.580353    12.540  -164511.6    16662.9    14690.4   1814.1   1345.9   2494.7 2001  9  9  3 43 48.900 2.3   1
     6218  30.453430  101.566467    12.209  -165823.9    18293.5    14398.1   1883.9   2000.4   2930.6 2001  9  9  7 46 20.000 3.3   1
     6261  30.611242  103.102837    11.188   -18834.8    34563.5    11309.3   1173.3   1052.7   1928.8 2001  9 10 16 40 46.200 2.2   1
     6307  31.658436  103.092506    13.629   -19597.0   150731.6    15446.7    927.4   1187.0   2750.2 2001  9 12 14 10 56.100 1.6   1
     6312  29.407175  101.087685    15.985  -213711.0   -96942.7    20319.7   1179.1   1163.3   2004.0 2001  9 12 16 38 27.100 3.2   1
     6466  28.727076  102.198112     5.500  -107344.4  -174207.5     8789.9   1996.6   2333.9   3066.9 2001  9 17 20 56  5.900 2.3   1
     6502  28.741955  102.180313    13.770  -108920.8  -172314.1    17038.8   1685.4   1895.3   2568.4 2001  9 18 18  1 29.200 2.4   1
     6526  31.617407  102.388680    10.352   -86149.0   146583.5    12625.0   1407.8   1056.9   2205.4 2001  9 18 22  0 39.700 2.0   1
     6540  29.530756  102.024773     3.772  -123294.7   -84790.6     5530.9   2097.3   2044.4   3476.6 2001  9 19  3  4 51.100 1.9   1
     6667  31.731659  102.774475    13.606   -49594.3   158951.0    15786.6   1167.5   2087.1   2861.9 2001  9 21  2 18 35.600 3.0   1
     6696  28.790821  102.188499     7.083  -108187.5  -167077.5    10196.8   1766.9   1994.8   3419.7 2001  9 21 14 25 19.500 2.5   1
     6713  30.575369  102.866875     0.872   -41458.7    30694.2     1080.9   1043.3   2001.3   2133.5 2001  9 21 18 29 59.800 1.9   1
     6765  32.008038  101.959511     7.601  -126232.3   190414.8    11703.3   2163.5   2858.6   3404.2 2001  9 23  6 34 47.500 3.9   1
     6801  30.946432  103.375320    14.476     7167.0    71717.2    14884.4   1138.9   1058.4   1495.7 2001  9 24  8 18  0.500 3.2   1
     6841  31.470091  104.384857     2.606   102839.1   130536.8     4774.6   2021.9   2315.6   2460.5 2001  9 25  8 11  2.600 2.4   1
     6877  29.909874  102.759026     3.931   -52108.8   -43229.0     4290.8   1510.0   1318.2   2622.3 2001  9 26  6 48 14.100 2.6   1
     6929  29.323381  103.017937     4.663   -27325.5  -108476.3     5646.2   1369.9   2091.8   2317.9 2001  9 27 19 56 10.400 1.7   1
     6938  28.322767  104.691002    -3.402   136215.4  -219097.7     1821.4   2811.5   2672.5   2590.4 2001  9 28  6 31 34.400 4.3   1
     6963  29.924189  101.965782     6.638  -128434.1   -40990.1     8066.2   2068.1   1722.9   2578.9 2001  9 28 22 37 47.000 2.1   1
     6964  29.934521  101.997002    23.737  -125079.0   -39770.5    25094.2   1667.6   1367.8   2044.8 2001  9 28 22 58 35.600 2.2   1
     6979  29.923094  101.977928    13.363  -127132.1   -41081.8    14766.6   2009.2   1399.9   3109.4 2001  9 29  8 33 36.800 2.2   1
     7013  29.932051  102.010269    22.086  -123841.4   -40068.6    23419.9   2981.2   1555.1   2674.4 2001  9 30  1 37 54.000 2.1   1
     7150  31.708979  102.776924     3.167   -49455.9   156691.1     5287.6   1476.8   1645.0   2553.0 2001 10  5 11 59  6.700 1.7   1
     7158  29.457045  102.013634    12.887  -124283.5   -92835.5    14779.6   1637.2   1776.9   2818.6 2001 10  5 18 30 29.500 2.6   1
     7195  29.434307  101.131462    -1.030  -209988.7   -94267.5     3129.1   1022.6   1042.0   1774.6 2001 10  9  1 32 21.000 3.0   1
     7259  30.179724  102.572876    11.329   -69766.3   -13127.3    11725.2   1126.4   1106.3   1931.3 2001 10 12 21  5 18.600 2.8   1
     7278  30.147495  101.986115    15.046  -126026.6   -16188.7    16316.1   1982.5   1496.4   2261.9 2001 10 13 18 34 32.300 2.4   1
     7298  30.190294  102.567665    11.387   -70258.7   -11950.7    11786.3   1195.0   1168.1   2577.1 2001 10 14 15 41 23.200 2.9   1
     7299  30.176685  102.568443     8.490   -70225.3   -13467.8     8892.2   1608.7   1139.9   2275.2 2001 10 14 15 42 35.500 2.3   1
     7335  30.147413  102.923599     8.217   -36146.0   -16885.2     8342.4   1495.3    802.3   1729.7 2001 10 15 19 45 11.900 2.5   1
     7355  28.995762  101.991119    20.538  -126877.1  -143813.7    23434.4   1797.8   2344.5   2700.8 2001 10 16 17  6 24.100 2.2   1
     7392  31.991337  102.959229     6.658   -32103.3   187891.8     9513.6   1273.3   1505.3   2236.6 2001 10 18 15 57 32.100 2.0   1
     7400  31.688984  101.730415     0.116  -148488.1   155455.9     3744.6   2518.1   2234.8   2140.1 2001 10 18 20 19 57.000 2.8   1
     7448  29.367434  103.159904     4.114   -13567.0  -103616.9     4971.8    863.6   1689.9   1284.9 2001 10 20  7  3 47.900 2.1   1
     7453  28.776257  102.240738    14.382  -102999.7  -168549.7    17452.3   2230.1   2334.6   3803.9 2001 10 20  7 37 11.300 2.4   1
     7543  30.745438  100.548401     4.474  -262673.4    52677.8    10113.1   1723.5   2106.7   1853.7 2001 10 22 23  6 53.900 2.7   1
     7551  29.555500  103.112175     9.548   -18140.0   -82643.4    10111.0    847.8   1717.4   2583.4 2001 10 23 10 33 54.800 1.9   1
     7564  29.547289  103.186180    11.597   -10990.3   -83537.5    12155.2   1108.0   1689.3   2656.8 2001 10 23 18 31 58.500 2.0   1
     7576  29.432583  100.991714    -0.120  -223485.6   -94179.0     4497.1    846.2    841.3   1399.5 2001 10 24  9 19 51.100 2.6   1
     7631  29.658033  103.232262    18.517    -6526.4   -71172.4    18919.0   1360.6   1415.5   1941.0 2001 10 26  3 29 39.800 2.9   1
     7735  31.767218  101.228439    18.927  -195215.6   164424.8    24056.7   1299.5   1076.1   2287.3 2001 10 28 10 14 20.400 2.7   1
     7761  29.685644  103.238914     6.968    -5895.1   -68235.4     7337.0   1017.4   1186.4   1645.8 2001 10 28 21 48 23.200 3.1   1
     7835  31.458872  103.998802    -1.254    66293.2   129081.0      398.9   1601.1   1312.2   2008.3 2001 10 31  2 59 20.400 1.9   1
     7878  29.251955  102.940331     2.189   -34881.4  -116435.3     3348.6   1005.8   1797.8   1316.9 2001 12  1 16  6 57.900 1.8   1
     7886  30.466660  102.341644     5.128   -91772.2    18903.8     5817.5   1444.1   1338.5   1890.3 2001 12  2  0  9 47.200 1.6   1
     7901  29.651510  102.078369    19.495  -117681.0   -71253.5    20984.9   1531.4   1040.1   2817.0 2001 12  2 15  0 16.000 2.3   1
     8016  29.642740  102.063354     3.443  -119438.6   -72392.4     4974.7   1887.0   1153.8   2455.2 2001 12  5  0 49 18.000 1.8   1
     8029  31.402826  103.352249     5.093     4955.2   122524.1     6274.4   2660.6   2459.7   7575.0 2001 12  5  8 27 28.600 1.3   1
     8059  29.035944  104.776146     8.507   143302.3  -139426.1    11649.1   1759.1   2681.7   2644.1 2001 12  6  3  4 37.100 3.8   1
     8135  29.348839  104.146889    10.476    81945.3  -105280.1    11875.2   1195.2   1082.3   1579.3 2001 12  8  9  0 15.400 3.3   1
     8159  30.252930  101.998306    -2.508  -125067.6    -4519.4    -1279.6   2560.5   3049.7   2154.6 2001 12  8 22 10 13.600 2.1   1
     8188  29.546391  101.988663     2.631  -126788.3   -83028.6     4434.4   2422.3   1784.8   3794.9 2001 12 10  2 31  6.400 2.7   1
     8196  30.246643  101.990509     0.334  -125768.8    -5207.7     1577.4   2551.6   2300.0   1914.1 2001 12 10  7 50 36.200 1.9   1
     8419  30.051102  103.158409     6.993   -13613.0   -27637.3     7067.7   1339.7   1016.2   2014.5 2001 12 14 23 49 49.200 2.0   1
     8481  31.761351  101.911629     3.854  -131168.8   163180.3     7297.1   2172.0   1910.6   2547.2 2001 12 16  2 48 19.100 2.3   1
     8493  31.764631  101.908302    10.654  -131337.8   163374.2    14109.6   2238.5   2113.5   2176.0 2001 12 16  8 35 37.100 2.4   1
     8607  31.241377  103.249268     3.644    -4820.3   104612.6     4505.0   1061.5    965.4   1741.4 2001 12 20  4 42 27.400 1.8   1
     8631  31.531672  102.381462     2.133   -87023.5   137250.7     4206.7   1313.6   1031.7   1994.7 2001 12 21  4 52 30.900 1.9   1
     8676  31.714106  103.201492    15.496    -9295.9   156846.6    17438.8   1550.5   1952.7   2399.3 2001 12 22 11 32  5.400 1.4   1
     8746  29.472925  102.069824     3.833  -119006.5   -91263.5     5599.0   2139.9   1883.0   3855.8 2001 12 24  1 33 18.400 2.2   1
     8783  31.239189  103.313904     4.753     1321.4   104350.3     5608.7    794.8    856.4   1788.4 2001 12 25  5 15 20.800 2.5   1
     8788  29.477953  100.982864     1.017  -224201.8   -89102.4     5586.9    991.6    872.0   1474.9 2001 12 25  7 48 41.200 2.5   1
     8849  30.230247  103.479721    16.503    17221.8    -7722.4    16531.0   1922.8   1120.4   2378.7 2001 12 27  4 47 37.600 2.0   1
     8861  30.511995  103.068214    14.253   -22154.7    23542.5    14335.5   1229.5   1018.7   1821.5 2001 12 27 17 19 52.800 3.3   1
     8863  30.517235  103.060516    14.753   -22887.4    24123.3    14840.0   1200.5    962.1   1712.9 2001 12 27 18  1 39.300 3.0   1
